,397.32,400.20,403.09,405.97,408.85,411.74,414.63,417.52,420.40,423.29,426.19,429.08,431.97,434.87,437.76,440.66,443.56,446.45,449.35,452.25,455.16,458.06,460.96,463.87,466.77,469.68,472.59,475.50,478.41,481.32,484.23,487.14,490.06,492.97,495.89,498.80,501.72,504.64,507.56,510.48,513.40,516.33,519.25,522.18,525.10,528.03,530.96,533.89,536.82,539.75,542.68,545.62,548.55,551.49,554.43,557.36,560.30,563.24,566.18,569.12,572.07,575.01,577.96,580.90,583.85,586.80,589.75,592.70,595.65,598.60,601.55,604.51,607.46,610.42,613.38,616.34,619.30,622.26,625.22,628.18,631.15,634.11,637.08,640.04,643.01,645.98,648.95,651.92,654.89,657.87,660.84,663.81,666.79,669.77,672.75,675.73,678.71,681.69,684.67,687.65,690.64,693.62,696.61,699.60,702.58,705.57,708.57,711.56,714.55,717.54,720.54,723.53,726.53,729.53,732.53,735.53,738.53,741.53,744.53,747.54,750.54,753.55,756.56,759.56,762.57,765.58,768.60,771.61,774.62,777.64,780.65,783.67,786.68,789.70,792.72,795.74,798.77,801.79,804.81,807.84,810.86,813.89,816.92,819.95,822.98,826.01,829.04,832.07,835.11,838.14,841.18,844.22,847.25,850.29,853.33,856.37,859.42,862.46,865.50,868.55,871.60,874.64,877.69,880.74,883.79,886.84,889.90,892.95,896.01,899.06,902.12,905.18,908.24,911.30,914.36,917.42,920.48,923.55,926.61,929.68,932.74,935.81,938.88,941.95,945.02,948.10,951.17,954.24,957.32,960.40,963.47,966.55,969.63,972.71,975.79,978.88,981.96,985.05,988.13,991.22,994.31,997.40,1000.49,1003.58
397.32,0.0,0.14872733,0.22308658,0.27589968,0.3215107,0.35903275,0.3742966,0.38348672,0.39639246,0.40189853,0.4061834,0.4042068,0.4248706,0.44354808,0.453006,0.46216595,0.46639577,0.47069302,0.47302964,0.47173476,0.47088435,0.47291607,0.4743322,0.472685,0.47258574,0.47435448,0.47566062,0.47534433,0.47558954,0.4745882,0.46862346,0.46272975,0.46013376,0.45180157,0.4390856,0.41801164,0.39357856,0.36333916,0.32643932,0.282283,0.2333063,0.17652453,0.12405661,0.0760102,0.032064248,-0.003991473,-0.028413584,-0.048894517,-0.060157515,-0.06992649,-0.07516231,-0.08113656,-0.08512477,-0.0862085,-0.08441533,-0.07730173,-0.064642966,-0.048838176,-0.029803816,-0.0053020506,0.021492956,0.043405373,0.064355604,0.08235713,0.098070905,0.10681904,0.11615371,0.12455083,0.1314953,0.1358442,0.14369227,0.15254936,0.16475989,0.18078955,0.19563046,0.20869306,0.21916078,0.22480428,0.22685534,0.22803235,0.23095274,0.23808888,0.25033537,0.26546222,0.28429192,0.3009698,0.31612656,0.3273816,0.33566186,0.35456973,0.37831044,0.39659458,0.40927884,0.4176803,0.42269674,0.42113805,0.41038278,0.3941386,0.35041335,0.28586134,0.20727652,0.11348439,0.015906515,-0.078994974,-0.16371205,-0.23321472,-0.29379845,-0.34610313,-0.39494604,-0.43665233,-0.468438,-0.49237955,-0.5141979,-0.53340864,-0.54714036,-0.55705017,-0.567655,-0.572871,-0.5776559,-0.5814811,-0.58447593,-0.5874185,-0.5875084,-0.5931343,-0.6008749,-0.5971669,-0.595701,-0.5969578,-0.5970419,-0.5979294,-0.5984854,-0.59917784,-0.5985966,-0.6004735,-0.600337,-0.6005853,-0.6003151,-0.6016969,-0.6021592,-0.60191095,-0.6033822,-0.60622966,-0.6049878,-0.60630035,-0.60571426,-0.6065249,-0.606059,-0.60649747,-0.605901,-0.6047146,-0.6059227,-0.6059891,-0.60666966,-0.6079365,-0.609535,-0.60905826,-0.60925615,-0.60713214,-0.6091081,-0.610465,-0.60955185,-0.6115155,-0.6099997,-0.6092494,-0.61196524,-0.61040586,-0.60879546,-0.6100565,-0.6086938,-0.6133758,-0.6142909,-0.6163348,-0.61726165,-0.618807,-0.6124842,-0.6143779,-0.6099502,-0.6170461,-0.60972244,-0.6241637,-0.6296642,-0.63165766,-0.6316556,-0.6163867,-0.6164114,-0.62416154,-0.6208751,-0.6233695,-0.60702664,-0.6197876,-0.6160622,-0.60850114,-0.6059835,-0.60251874,-0.6085839,-0.6098198,-0.5963503,-0.61182296,-0.6062884,-0.61623883,-0.60320604,-0.6117297,-0.6180134,-0.44176963
400.20,-0.14872733,0.0,0.07711568,0.13304637,0.1821506,0.22320437,0.24003914,0.25023842,0.26458594,0.27077293,0.27560967,0.2733406,0.29650688,0.31762844,0.32838163,0.33892763,0.3438681,0.3489056,0.35169283,0.35038352,0.34949926,0.35193083,0.35357425,0.35169858,0.35160047,0.3536739,0.3552236,0.35491782,0.35521215,0.35411474,0.3473679,0.3406713,0.33785984,0.32861367,0.31439757,0.2908995,0.26387507,0.2307224,0.19059792,0.14309062,0.09105701,0.031628013,-0.022344576,-0.0710505,-0.11503932,-0.15068106,-0.17460476,-0.19453168,-0.20544454,-0.2148814,-0.21990778,-0.22564594,-0.22946824,-0.23050596,-0.22878748,-0.22194491,-0.20971705,-0.19441234,-0.17587896,-0.15184683,-0.12536488,-0.10356335,-0.0825993,-0.064451985,-0.04855573,-0.039689023,-0.030209243,-0.021617265,-0.014523592,-0.010063019,-0.0020106942,0.0070906184,0.019656865,0.03625788,0.051656324,0.06527769,0.07622041,0.08211796,0.08422583,0.085439615,0.08855062,0.09607566,0.10902984,0.12505874,0.1451156,0.16290331,0.17912428,0.19116452,0.19995762,0.22046109,0.2464327,0.26641506,0.2802476,0.2895006,0.29501936,0.29324546,0.28118047,0.2632331,0.21525268,0.14574699,0.062984206,-0.033513952,-0.1312759,-0.22381258,-0.30423173,-0.36869806,-0.4237928,-0.4705541,-0.51355475,-0.5497312,-0.57695556,-0.5972913,-0.6156825,-0.6317855,-0.64322597,-0.65145546,-0.66025406,-0.66455173,-0.6684984,-0.67165583,-0.67413056,-0.67655855,-0.6766348,-0.6812911,-0.6876901,-0.6846306,-0.6834218,-0.684467,-0.68454146,-0.68527126,-0.6857365,-0.6863003,-0.6858242,-0.6873721,-0.68725663,-0.6874576,-0.6872365,-0.6883728,-0.6887592,-0.6885462,-0.68976456,-0.69210607,-0.69108623,-0.6921663,-0.6916795,-0.69234776,-0.6919657,-0.6923238,-0.69183964,-0.6908633,-0.69186145,-0.691912,-0.6924674,-0.69351506,-0.69483083,-0.6944318,-0.6946063,-0.692843,-0.69447404,-0.6955895,-0.6948379,-0.6964552,-0.6952001,-0.6945832,-0.696817,-0.69552594,-0.6942174,-0.6952362,-0.694122,-0.697956,-0.69871396,-0.7003979,-0.7011544,-0.7024262,-0.6972367,-0.69879794,-0.69515,-0.7009869,-0.6949496,-0.70675415,-0.71113783,-0.7128047,-0.7128748,-0.70035344,-0.70035124,-0.70673573,-0.7040514,-0.70612097,-0.6927161,-0.70321584,-0.7001764,-0.6940269,-0.69195026,-0.6890721,-0.69403,-0.6950794,-0.6839631,-0.69673824,-0.6921766,-0.70031834,-0.6895915,-0.69659424,-0.70174307,-0.55347836
403.09,-0.22308658,-0.07711568,0.0,0.056583896,0.10671639,0.1489821,0.16642268,0.17699145,0.19191904,0.19840683,0.2034561,0.20105195,0.22526282,0.24744783,0.25875694,0.26994818,0.275205,0.28061345,0.28364357,0.282316,0.28141686,0.28405574,0.2857949,0.28383395,0.28376034,0.28597,0.287632,0.28733563,0.28764823,0.28651705,0.2794381,0.27237192,0.26947883,0.25984183,0.24499117,0.22047403,0.19239703,0.15811016,0.11681814,0.06821645,0.01534772,-0.044530917,-0.09841798,-0.14666504,-0.18994044,-0.22477354,-0.2480478,-0.26736683,-0.27791896,-0.28703153,-0.29187566,-0.29740244,-0.3010789,-0.30207616,-0.30042452,-0.29383093,-0.28202417,-0.26722643,-0.2492577,-0.22586973,-0.19999237,-0.1786125,-0.15799169,-0.14007235,-0.12434279,-0.11556301,-0.1061582,-0.09760897,-0.09055292,-0.086105555,-0.078075424,-0.06899691,-0.056441605,-0.039803255,-0.024358982,-0.010650832,0.00036741723,0.006309173,0.008416747,0.009629409,0.012795102,0.020401336,0.03353534,0.04979202,0.07020595,0.08832833,0.1048904,0.11716552,0.12611474,0.14717764,0.17398483,0.19459498,0.20887494,0.21846068,0.22418438,0.22232115,0.2096945,0.19107084,0.14148258,0.07037587,-0.013323254,-0.109674454,-0.20591618,-0.29571152,-0.3726788,-0.4336611,-0.48526257,-0.5286839,-0.56831473,-0.601438,-0.6262141,-0.64464045,-0.66126025,-0.67577434,-0.6860556,-0.6934406,-0.7013315,-0.70517117,-0.70870095,-0.7115264,-0.7137354,-0.71591336,-0.71597373,-0.7201521,-0.7258858,-0.7231415,-0.7220572,-0.7230009,-0.7230655,-0.7237196,-0.7241346,-0.724642,-0.724214,-0.72560245,-0.7254957,-0.72567207,-0.7254715,-0.7264912,-0.72683483,-0.7266439,-0.72773737,-0.72983736,-0.72891366,-0.72988284,-0.7294449,-0.73004335,-0.72970647,-0.7300271,-0.72959363,-0.7287137,-0.7296101,-0.7296576,-0.73015153,-0.73108697,-0.7322619,-0.7319107,-0.73206615,-0.73047584,-0.73194015,-0.7329376,-0.7322727,-0.7337129,-0.73258954,-0.73203367,-0.73403853,-0.7328751,-0.73170114,-0.7326141,-0.7315993,-0.7350335,-0.735707,-0.7372327,-0.73789155,-0.73903245,-0.7343785,-0.73578423,-0.732524,-0.7377585,-0.73232347,-0.742845,-0.7466801,-0.748186,-0.74829876,-0.7370929,-0.737074,-0.7428062,-0.74037886,-0.742278,-0.73027635,-0.7397015,-0.737026,-0.73151493,-0.72967887,-0.72706,-0.73150533,-0.7324528,-0.7224887,-0.73394716,-0.72985834,-0.7371369,-0.7274981,-0.73375946,-0.7383781,-0.60408103
405.97,-0.27589968,-0.13304637,-0.056583896,0.0,0.05048568,0.09330971,0.11105812,0.12181711,0.1370738,0.14372228,0.14890763,0.14641197,0.17122826,0.19405976,0.20572624,0.21730849,0.22278245,0.22841954,0.23161042,0.23029245,0.22937872,0.23214889,0.23395547,0.23194148,0.23186724,0.23416509,0.23589224,0.2356095,0.23594671,0.23478618,0.22749598,0.22019823,0.21726614,0.20738243,0.19213894,0.16701548,0.13832821,0.10343536,0.061554596,0.012493179,-0.040599123,-0.100356564,-0.15376802,-0.20131487,-0.2437467,-0.27773872,-0.30037075,-0.31911546,-0.329332,-0.3381506,-0.34282696,-0.34816688,-0.35171267,-0.35267633,-0.35108343,-0.3447132,-0.33329493,-0.31896996,-0.30153716,-0.27878743,-0.25353837,-0.23262492,-0.21240419,-0.19478953,-0.17930113,-0.17064638,-0.16136897,-0.15291333,-0.1459391,-0.14153688,-0.13358384,-0.12458677,-0.11213498,-0.09559175,-0.08022616,-0.06655797,-0.05556407,-0.04963075,-0.047539387,-0.046332978,-0.04315527,-0.035544686,-0.0223739,-0.006067756,0.014463101,0.032699227,0.049388032,0.061765235,0.070770085,0.09210274,0.119354546,0.14030375,0.15484214,0.1646002,0.17043734,0.16853425,0.15556693,0.13657019,0.08611812,0.01432501,-0.06944187,-0.1649672,-0.25939175,-0.3465746,-0.42055678,-0.47869933,-0.52754563,-0.5684156,-0.6055106,-0.6363729,-0.6593772,-0.6764342,-0.6917865,-0.7051683,-0.71462953,-0.7214212,-0.7286736,-0.73219657,-0.735433,-0.7380261,-0.7400528,-0.74204975,-0.7421058,-0.7459495,-0.7512084,-0.74868345,-0.7476971,-0.7485663,-0.7486228,-0.74922365,-0.7496081,-0.75006914,-0.7496767,-0.7509589,-0.75085723,-0.75101256,-0.7508293,-0.75176257,-0.7520818,-0.75190324,-0.7529086,-0.7548356,-0.75398195,-0.75487375,-0.7544696,-0.75502425,-0.7547117,-0.7550091,-0.75461555,-0.75380194,-0.7546289,-0.7546702,-0.75512034,-0.75598115,-0.75706244,-0.7567355,-0.75688255,-0.75541615,-0.75676394,-0.7576817,-0.75706637,-0.75838816,-0.75736207,-0.75684047,-0.7586945,-0.7576127,-0.75653535,-0.7573708,-0.7564344,-0.7595755,-0.76020855,-0.7616152,-0.7622122,-0.76325434,-0.7589697,-0.76027966,-0.7572731,-0.7620894,-0.75708914,-0.7667223,-0.7701625,-0.7715614,-0.77169716,-0.76141053,-0.76138335,-0.7666606,-0.7644296,-0.76618016,-0.755158,-0.76384825,-0.7614071,-0.7563512,-0.7546727,-0.75225675,-0.75631934,-0.7572098,-0.7480261,-0.75858825,-0.7548005,-0.7614959,-0.7526395,-0.75837696,-0.7626038,-0.63815266
408.85,-0.3215107,-0.1821506,-0.10671639,-0.05048568,0.0,0.04306213,0.06097459,0.071849175,0.08729782,0.09405589,0.09931469,0.096767,0.12198676,0.14524198,0.15717155,0.16903293,0.17466989,0.18046688,0.18378434,0.18245392,0.18155591,0.18441431,0.18629397,0.18421647,0.18414968,0.18651986,0.18830787,0.18802746,0.18838073,0.18720368,0.17975248,0.17228678,0.1693242,0.15926866,0.143754,0.118209384,0.08912921,0.053872053,0.011702669,-0.03748885,-0.09046762,-0.14976257,-0.20244703,-0.24910703,-0.29055938,-0.32363242,-0.3455868,-0.3637322,-0.37360558,-0.3821228,-0.38663515,-0.39178148,-0.39520013,-0.3961296,-0.39459497,-0.3884509,-0.37742668,-0.36358395,-0.34670675,-0.32463455,-0.3000785,-0.27968904,-0.25993407,-0.24268575,-0.22749777,-0.21900469,-0.20988983,-0.20157069,-0.19470362,-0.19036718,-0.18252741,-0.17365496,-0.16136502,-0.14500459,-0.12979613,-0.11624059,-0.10533018,-0.09943918,-0.09736819,-0.096177235,-0.093005784,-0.08543476,-0.07231018,-0.056051735,-0.035538986,-0.017295945,-0.00058124826,0.011816564,0.02082909,0.042288125,0.069781825,0.09093204,0.105620615,0.115506575,0.121408306,0.11946127,0.10628096,0.08704325,0.03610269,-0.035900857,-0.11925729,-0.21351153,-0.3058267,-0.39027095,-0.46134168,-0.5167923,-0.5631093,-0.60166985,-0.6365137,-0.6654018,-0.6868607,-0.70274144,-0.7170075,-0.72942686,-0.73819065,-0.74447954,-0.7511932,-0.75444734,-0.75743717,-0.75983465,-0.7617068,-0.7635516,-0.7635977,-0.7671603,-0.77202934,-0.769689,-0.7687769,-0.7695861,-0.76963603,-0.77019036,-0.7705451,-0.77097404,-0.7706101,-0.77179253,-0.77170193,-0.77184457,-0.7716726,-0.77253443,-0.7728285,-0.77266246,-0.7735971,-0.77537566,-0.7745849,-0.775409,-0.7750337,-0.77554655,-0.7752586,-0.77553546,-0.77517635,-0.77442104,-0.77518785,-0.77521974,-0.7756399,-0.7764361,-0.7774359,-0.77713096,-0.77726686,-0.7759025,-0.777154,-0.77800417,-0.77743506,-0.7786584,-0.77770346,-0.777223,-0.7789381,-0.7779349,-0.7769341,-0.7777013,-0.77683437,-0.7797438,-0.78032047,-0.781631,-0.78218114,-0.7831421,-0.7791672,-0.78038275,-0.77760696,-0.78206915,-0.7774203,-0.7863099,-0.7894322,-0.7907343,-0.790898,-0.78136647,-0.78133106,-0.78622067,-0.7841629,-0.78580236,-0.77559274,-0.7836628,-0.78140557,-0.77675045,-0.77520275,-0.77296007,-0.7767075,-0.7775193,-0.7690369,-0.77882004,-0.7752892,-0.78150433,-0.7732762,-0.7785884,-0.78249806,-0.6664966
411.74,-0.35903275,-0.22320437,-0.1489821,-0.09330971,-0.04306213,0.0,0.017973613,0.028897418,0.044445198,0.051253095,0.056565598,0.053992182,0.07944025,0.10298909,0.11508283,0.12714814,0.13289429,0.13883021,0.14222789,0.1409094,0.13999847,0.1429486,0.14484546,0.14274758,0.14269188,0.14511777,0.14694169,0.14667791,0.14702974,0.14584629,0.13828786,0.13068892,0.1277094,0.11754412,0.10183761,0.07601501,0.046693355,0.011253066,-0.031012362,-0.08012828,-0.13280247,-0.19146697,-0.24332692,-0.28905132,-0.32952055,-0.36169383,-0.38300028,-0.40057933,-0.41013095,-0.41836748,-0.42272282,-0.4276921,-0.43099558,-0.43189242,-0.4304059,-0.42447606,-0.41382432,-0.40043524,-0.38408467,-0.36266437,-0.33877918,-0.31891143,-0.29961908,-0.28275442,-0.2678778,-0.25955144,-0.25061017,-0.24243861,-0.23569696,-0.23142853,-0.22371733,-0.21498387,-0.20287578,-0.18673474,-0.17171824,-0.1583116,-0.14751187,-0.14168002,-0.13963285,-0.13845515,-0.13530512,-0.12779671,-0.11476636,-0.09860926,-0.07818894,-0.060010575,-0.043334343,-0.030961396,-0.021972373,-0.00048407956,0.027121224,0.048369214,0.06313548,0.07308779,0.07903377,0.07707054,0.0637445,0.04437527,-0.006793725,-0.078694984,-0.16138902,-0.25420383,-0.34438738,-0.42624515,-0.49464372,-0.5477046,-0.5918065,-0.62836856,-0.6612909,-0.6885026,-0.70867246,-0.72356904,-0.73693496,-0.7485587,-0.75674796,-0.7626204,-0.7688944,-0.7719229,-0.77471495,-0.77694976,-0.77869403,-0.78041697,-0.7804543,-0.78377616,-0.788332,-0.7861451,-0.78529334,-0.78604937,-0.7860966,-0.7866121,-0.78694725,-0.787345,-0.78700113,-0.7881095,-0.7880233,-0.7881547,-0.7879929,-0.7887996,-0.7890741,-0.788917,-0.7897898,-0.7914536,-0.7907105,-0.7914832,-0.7911271,-0.79160935,-0.7913414,-0.7915979,-0.79126626,-0.79055554,-0.79127514,-0.79130596,-0.79169357,-0.7924402,-0.7933778,-0.7930932,-0.79321855,-0.7919379,-0.7931095,-0.7939075,-0.7933723,-0.79451585,-0.79361606,-0.79316944,-0.794776,-0.7938277,-0.79289776,-0.79360956,-0.79278743,-0.7955157,-0.7960552,-0.7972844,-0.79779243,-0.79869246,-0.794979,-0.7961246,-0.79351866,-0.7976926,-0.7933502,-0.80162275,-0.8044998,-0.8057128,-0.8058982,-0.79698586,-0.7969391,-0.8015272,-0.7996099,-0.80116576,-0.79160583,-0.7991647,-0.7970762,-0.7927321,-0.79130137,-0.78917134,-0.792674,-0.79344696,-0.7854888,-0.79465497,-0.79135907,-0.79715455,-0.7894697,-0.79441583,-0.7980667,-0.68895847
414.63,-0.3742966,-0.24003914,-0.16642268,-0.11105812,-0.06097459,-0.017973613,0.0,0.010931032,0.026500085,0.033322014,0.03864843,0.03606389,0.06158543,0.08522122,0.097379394,0.10951263,0.11529676,0.12127122,0.124709144,0.1233897,0.122477904,0.12546296,0.1273755,0.12526466,0.12521057,0.12765773,0.1294943,0.12923144,0.1295863,0.12840508,0.12079827,0.11316178,0.110179506,0.09996963,0.08420172,0.05829084,0.02890037,-0.006583718,-0.04884278,-0.097875424,-0.1503677,-0.20870622,-0.26017022,-0.30546278,-0.34548476,-0.3772599,-0.39827847,-0.4156114,-0.42501846,-0.43313155,-0.43742186,-0.4423151,-0.44556445,-0.44644573,-0.4449902,-0.43914637,-0.4286561,-0.4154677,-0.39934888,-0.37821546,-0.35463208,-0.33500034,-0.3159192,-0.29922944,-0.28449395,-0.2762496,-0.26738605,-0.25928304,-0.25259605,-0.24836238,-0.24071155,-0.23204447,-0.22002381,-0.20398787,-0.18906507,-0.17573546,-0.16499464,-0.15919033,-0.15715612,-0.155983,-0.15284936,-0.14537048,-0.1323943,-0.11629793,-0.095938,-0.0778058,-0.061160166,-0.04880912,-0.039839134,-0.018358525,0.009261557,0.030524049,0.045314662,0.05528387,0.061246146,0.059268888,0.045900993,0.02649431,-0.024710203,-0.09649523,-0.17882207,-0.2709416,-0.36016065,-0.4408809,-0.5081351,-0.56017894,-0.60334885,-0.6390838,-0.6712065,-0.69773734,-0.71738005,-0.73187584,-0.744877,-0.7561803,-0.76413685,-0.76984286,-0.77593726,-0.7788806,-0.78159076,-0.7837607,-0.7854528,-0.787126,-0.7871603,-0.79038864,-0.7948165,-0.79268855,-0.79186106,-0.7925995,-0.7926433,-0.7931437,-0.79346997,-0.79385567,-0.7935211,-0.7945989,-0.7945145,-0.79464114,-0.79448277,-0.7952645,-0.79553175,-0.7953817,-0.7962281,-0.7978428,-0.7971177,-0.7978694,-0.7975227,-0.79799557,-0.7977318,-0.79798645,-0.79765856,-0.7969697,-0.79766804,-0.7976977,-0.7980758,-0.7987998,-0.7997098,-0.79943126,-0.7995558,-0.79830724,-0.79944843,-0.80022496,-0.79970336,-0.80081666,-0.7999451,-0.7995016,-0.8010681,-0.8001493,-0.7992432,-0.79993224,-0.799129,-0.80177414,-0.8023018,-0.8035001,-0.80399436,-0.8048651,-0.80125004,-0.80236924,-0.79983574,-0.80389935,-0.7996588,-0.80769676,-0.8104488,-0.81163985,-0.8118343,-0.80316395,-0.8031005,-0.8075803,-0.80571824,-0.8072255,-0.7979443,-0.8052882,-0.8032783,-0.7990534,-0.7976625,-0.79558456,-0.7989945,-0.79975307,-0.7920172,-0.8009374,-0.79770374,-0.8033542,-0.7958675,-0.8006624,-0.8042223,-0.6978656
417.52,-0.38348672,-0.25023842,-0.17699145,-0.12181711,-0.071849175,-0.028897418,-0.010931032,0.0,0.015574571,0.022402715,0.027735725,0.025149554,0.050698575,0.07437485,0.08656156,0.09872799,0.104535796,0.11053177,0.11397843,0.11267056,0.11176702,0.11475138,0.11668198,0.11456125,0.1145073,0.116961084,0.11880915,0.11854828,0.118903294,0.11771926,0.11009506,0.102429144,0.09944305,0.08922219,0.07342084,0.04746954,0.01805222,-0.017434435,-0.059668068,-0.10862355,-0.16097674,-0.21909235,-0.270299,-0.31531337,-0.3550515,-0.3865788,-0.40742058,-0.42459807,-0.43391964,-0.44195592,-0.44620535,-0.45105073,-0.4542699,-0.45514196,-0.4536973,-0.44791213,-0.4375189,-0.42444935,-0.40847242,-0.3875185,-0.36412072,-0.3446324,-0.32568854,-0.30910385,-0.29446042,-0.28626654,-0.2774557,-0.26939648,-0.2627459,-0.25853547,-0.25092477,-0.24230225,-0.2303416,-0.21437505,-0.19951978,-0.18623976,-0.1755393,-0.16975804,-0.16772936,-0.16656561,-0.16343752,-0.15598643,-0.14304462,-0.12699173,-0.10668058,-0.08858499,-0.07197096,-0.059640054,-0.050685775,-0.02922346,-0.0016117116,0.019652827,0.034443703,0.044421114,0.050385356,0.04840654,0.035022706,0.015601085,-0.035599403,-0.107271045,-0.18933858,-0.28100678,-0.36961138,-0.4496295,-0.5161859,-0.5676219,-0.61024046,-0.6454918,-0.6771435,-0.7032717,-0.7226071,-0.7368704,-0.7496548,-0.76076794,-0.76859295,-0.774199,-0.7801906,-0.7830787,-0.7857404,-0.7878737,-0.78953683,-0.7911776,-0.7912097,-0.7943828,-0.7987342,-0.79664457,-0.7958295,-0.79655266,-0.79659915,-0.7970893,-0.7974081,-0.79778814,-0.79745984,-0.7985187,-0.79843515,-0.7985595,-0.79840124,-0.79917043,-0.79943556,-0.79928464,-0.80012006,-0.8017066,-0.800991,-0.8017314,-0.8013884,-0.8018536,-0.8015972,-0.8018441,-0.8015247,-0.80084693,-0.80153495,-0.8015647,-0.801933,-0.80264664,-0.80354106,-0.80326605,-0.80338806,-0.80216074,-0.80328304,-0.80404246,-0.8035345,-0.8046283,-0.80377066,-0.8033325,-0.8048753,-0.80396897,-0.80307734,-0.8037519,-0.80296415,-0.80556434,-0.8060836,-0.8072578,-0.8077442,-0.80859894,-0.8050414,-0.8061431,-0.80366045,-0.8076491,-0.80347914,-0.8113638,-0.8140704,-0.8152416,-0.81544703,-0.80691254,-0.80686384,-0.8112492,-0.80942315,-0.81089574,-0.8017795,-0.80900973,-0.8070369,-0.80288744,-0.8015155,-0.7994783,-0.80282485,-0.80357164,-0.7959612,-0.80473375,-0.80156654,-0.8071087,-0.79975706,-0.8044784,-0.80796736,-0.70326513
420.40,-0.39639246,-0.26458594,-0.19191904,-0.1370738,-0.08729782,-0.044445198,-0.026500085,-0.015574571,0.0,0.00683214,0.012168971,0.00957935,0.035161395,0.058889873,0.071111225,0.083329685,0.0891584,0.095191285,0.098664686,0.09735658,0.0964478,0.09946237,0.101396926,0.09927141,0.09921894,0.101692244,0.10354588,0.1032864,0.10364473,0.10246114,0.094806135,0.08710919,0.084120296,0.073876046,0.058035728,0.032028973,0.0025765863,-0.0329156,-0.07510732,-0.123946905,-0.17609654,-0.23387499,-0.28469396,-0.32929936,-0.36862555,-0.39977795,-0.4203587,-0.43731406,-0.44650605,-0.45443055,-0.45861754,-0.46339852,-0.46656948,-0.46743098,-0.4660076,-0.46030307,-0.45005766,-0.4371706,-0.42140302,-0.4007114,-0.3775953,-0.3583204,-0.33957565,-0.32315406,-0.30865043,-0.30052936,-0.29179257,-0.28379926,-0.27720684,-0.27302948,-0.2654739,-0.25691807,-0.24504091,-0.22918542,-0.21442059,-0.20121731,-0.19057707,-0.18482725,-0.18281062,-0.18165025,-0.17853832,-0.171121,-0.15824084,-0.14225051,-0.12200777,-0.103967115,-0.08739309,-0.07509076,-0.06615801,-0.04472093,-0.017118288,0.0041424357,0.01894205,0.028927747,0.034897365,0.032912303,0.019502109,6.9450434e-05,-0.0511179,-0.12262695,-0.2043111,-0.2953052,-0.38300678,-0.46199143,-0.5275237,-0.5780617,-0.6198667,-0.6543916,-0.6853635,-0.71090084,-0.72978354,-0.74370474,-0.75618166,-0.76702046,-0.7746472,-0.780115,-0.78595585,-0.7887685,-0.7913638,-0.79344124,-0.79505986,-0.7966628,-0.79669535,-0.7997899,-0.80402815,-0.8019886,-0.8011979,-0.8019058,-0.80194634,-0.80242705,-0.8027406,-0.8031062,-0.80278593,-0.80382085,-0.80373985,-0.80385995,-0.8037066,-0.8044554,-0.80471253,-0.80456537,-0.8053783,-0.8069316,-0.80623025,-0.8069518,-0.80661565,-0.8070698,-0.8068173,-0.807062,-0.8067501,-0.8060849,-0.80676055,-0.80678916,-0.8071486,-0.8078425,-0.8087147,-0.8084462,-0.8085694,-0.80736446,-0.8084622,-0.80920714,-0.8087099,-0.8097747,-0.8089392,-0.8085092,-0.8100154,-0.8091315,-0.8082594,-0.80891955,-0.80814606,-0.81068397,-0.81118536,-0.81233704,-0.8128125,-0.8136442,-0.8101705,-0.81125164,-0.808826,-0.8127148,-0.80864394,-0.8163383,-0.8189448,-0.8200921,-0.82030344,-0.8119761,-0.81192005,-0.8162077,-0.8144276,-0.8158825,-0.8069858,-0.8140393,-0.81210995,-0.80807334,-0.80674934,-0.8047381,-0.8080077,-0.808737,-0.8013094,-0.8098729,-0.80676836,-0.8121848,-0.80500615,-0.80961025,-0.8130119,-0.7106651
423.29,-0.40189853,-0.27077293,-0.19840683,-0.14372228,-0.09405589,-0.051253095,-0.033322014,-0.022402715,-0.00683214,0.0,0.005338858,0.0027478107,0.028337253,0.05208849,0.064322315,0.076564275,0.08240876,0.08844973,0.09193598,0.09062874,0.089724876,0.09274601,0.09468495,0.09255336,0.09250464,0.09497855,0.096841946,0.09658117,0.09694677,0.095754825,0.08809119,0.08038225,0.077392876,0.06713295,0.051273946,0.025245106,-0.004218537,-0.03971029,-0.08188092,-0.1306621,-0.18271182,-0.24033433,-0.29097325,-0.3353892,-0.37452093,-0.40550774,-0.42596543,-0.44281757,-0.4519485,-0.45982477,-0.46398762,-0.4687336,-0.47188607,-0.47273925,-0.47132218,-0.46565667,-0.45547777,-0.4426694,-0.42700127,-0.4064304,-0.383439,-0.3642675,-0.34561473,-0.32926336,-0.3148257,-0.3067376,-0.29803553,-0.29007807,-0.28350797,-0.27934596,-0.2718192,-0.26329315,-0.25145593,-0.2356513,-0.22092861,-0.20776117,-0.19714715,-0.1914109,-0.189399,-0.18824369,-0.18513595,-0.17773786,-0.16488378,-0.14892337,-0.12871848,-0.110701755,-0.0941496,-0.08186271,-0.07293784,-0.051517647,-0.023925545,-0.0026661297,0.012131725,0.022119487,0.028092338,0.026105333,0.012687203,-0.006751076,-0.057922784,-0.12934333,-0.21084899,-0.30152738,-0.38882577,-0.46732906,-0.5323999,-0.58253783,-0.6239793,-0.658187,-0.6888561,-0.71413857,-0.73282194,-0.746596,-0.75893474,-0.7696567,-0.7771975,-0.7826031,-0.78838027,-0.7911603,-0.7937255,-0.7957813,-0.7973821,-0.7989642,-0.7989967,-0.8020604,-0.80625486,-0.804234,-0.8034517,-0.80415374,-0.8041955,-0.80466956,-0.8049797,-0.80534136,-0.8050255,-0.8060499,-0.8059685,-0.8060863,-0.8059336,-0.80667543,-0.8069311,-0.8067837,-0.8075908,-0.8091218,-0.8084317,-0.8091444,-0.80881196,-0.8092629,-0.8090119,-0.8092543,-0.8089458,-0.8082917,-0.8089595,-0.80898505,-0.8093403,-0.81002975,-0.8108925,-0.81062585,-0.81074566,-0.8095552,-0.8106399,-0.81137794,-0.81088495,-0.8119381,-0.81110805,-0.81068414,-0.8121762,-0.81129956,-0.81043655,-0.81108546,-0.8103193,-0.812832,-0.81333697,-0.8144755,-0.8149365,-0.8157627,-0.8123261,-0.81338924,-0.8109954,-0.81484324,-0.8108088,-0.8184157,-0.8209798,-0.8221228,-0.8223425,-0.81410074,-0.8140366,-0.8182894,-0.816528,-0.8179557,-0.80914915,-0.8161488,-0.8142429,-0.81024253,-0.8089342,-0.8069508,-0.8101851,-0.810902,-0.8035515,-0.8120258,-0.8089539,-0.81431925,-0.8072057,-0.81175715,-0.8151165,-0.7137399
426.19,-0.4061834,-0.27560967,-0.2034561,-0.14890763,-0.09931469,-0.056565598,-0.03864843,-0.027735725,-0.012168971,-0.005338858,0.0,-0.0025909035,0.023003925,0.04676746,0.059014373,0.07126671,0.077124245,0.08317272,0.08666303,0.08535831,0.084456906,0.08748547,0.089424975,0.08729752,0.08724392,0.089727595,0.09158726,0.09132936,0.091691695,0.0905047,0.08282991,0.0751081,0.072118685,0.06185458,0.045983747,0.019940386,-0.009527843,-0.04501225,-0.08715609,-0.13588423,-0.18784764,-0.24533868,-0.2958327,-0.34009758,-0.3790771,-0.40992957,-0.4302987,-0.44706815,-0.4561557,-0.4639928,-0.46813163,-0.47285372,-0.47598633,-0.47683665,-0.47543028,-0.4697947,-0.4596651,-0.44692212,-0.43132702,-0.4108505,-0.38795704,-0.3688589,-0.3502746,-0.33399206,-0.3195971,-0.31154382,-0.30287004,-0.2949324,-0.28838336,-0.28423455,-0.27672783,-0.2682277,-0.25642264,-0.24065523,-0.22597063,-0.21283205,-0.2022435,-0.19651766,-0.19450846,-0.19336061,-0.19025758,-0.1828716,-0.17004429,-0.15411094,-0.13393685,-0.115944006,-0.09941021,-0.08713683,-0.07822247,-0.056817308,-0.029238699,-0.0079861935,0.006810382,0.016796986,0.022771837,0.020784935,0.0073589026,-0.012077279,-0.06322736,-0.13456601,-0.21590643,-0.30632666,-0.39329246,-0.47143185,-0.53614616,-0.5859764,-0.6271536,-0.66111946,-0.6915626,-0.7166522,-0.7351887,-0.7488519,-0.76108885,-0.771725,-0.7792027,-0.7845652,-0.7902912,-0.7930489,-0.7955925,-0.79762876,-0.7992145,-0.8007852,-0.8008157,-0.803856,-0.8080079,-0.8060042,-0.8052313,-0.8059254,-0.80596817,-0.80643785,-0.80674607,-0.80710554,-0.80679,-0.8078046,-0.8077265,-0.80784225,-0.80769104,-0.8084255,-0.8086793,-0.8085354,-0.80933183,-0.8108542,-0.8101638,-0.81087166,-0.81054014,-0.81098884,-0.8107393,-0.8109795,-0.810677,-0.81002694,-0.8106879,-0.81071424,-0.81106627,-0.8117496,-0.8126048,-0.8123412,-0.8124598,-0.81128156,-0.8123513,-0.81308603,-0.81259847,-0.81364006,-0.81281877,-0.81240094,-0.8138774,-0.81300277,-0.8121523,-0.8127968,-0.8120339,-0.81451845,-0.815021,-0.81615174,-0.8166076,-0.81742513,-0.8140172,-0.81507295,-0.8126987,-0.8165176,-0.81252134,-0.8200538,-0.8225847,-0.82371145,-0.82392955,-0.8157639,-0.8157027,-0.8199159,-0.8181695,-0.81958956,-0.8108579,-0.81778723,-0.8159036,-0.8119478,-0.8106445,-0.80868435,-0.8118726,-0.8125957,-0.8052992,-0.813707,-0.810667,-0.8159871,-0.8089345,-0.81343526,-0.81678486,-0.716159
429.08,-0.4042068,-0.2733406,-0.20105195,-0.14641197,-0.096767,-0.053992182,-0.03606389,-0.025149554,-0.00957935,-0.0027478107,0.0025909035,0.0,0.02559339,0.04935016,0.061589614,0.0738363,0.07968329,0.08572978,0.08921616,0.08791214,0.08700859,0.090032995,0.09197078,0.089838095,0.08979008,0.09226886,0.09412921,0.09387281,0.094232604,0.09304784,0.08537611,0.07765898,0.074668296,0.06441105,0.048548028,0.02251455,-0.0069470853,-0.042426094,-0.08457559,-0.13332067,-0.18531741,-0.24286875,-0.29342917,-0.33776644,-0.37681824,-0.40773645,-0.4281493,-0.44495988,-0.45407063,-0.4619276,-0.4660801,-0.47081152,-0.47395322,-0.4748038,-0.47339213,-0.46774274,-0.45758817,-0.44480968,-0.42917526,-0.40865314,-0.385707,-0.36657324,-0.34795767,-0.33164343,-0.3172259,-0.30915254,-0.30046898,-0.2925207,-0.28596428,-0.28180504,-0.2742951,-0.26578093,-0.25396255,-0.23817837,-0.22347799,-0.21032955,-0.19972858,-0.1939976,-0.1919891,-0.19083568,-0.18773273,-0.18034609,-0.16750282,-0.1515597,-0.13137364,-0.11337565,-0.096836574,-0.08455886,-0.07564389,-0.05423351,-0.026651982,-0.0053996127,0.0093946215,0.019381871,0.025353896,0.023366326,0.009944715,-0.009491535,-0.060648773,-0.13201854,-0.213428,-0.30396277,-0.39109495,-0.46941608,-0.5343042,-0.5843004,-0.6256136,-0.65970594,-0.6902704,-0.7154571,-0.73407125,-0.74779123,-0.7600795,-0.77075934,-0.7782697,-0.7836544,-0.78940725,-0.7921763,-0.7947308,-0.79677945,-0.79837316,-0.7999522,-0.7999833,-0.803033,-0.8072115,-0.80519956,-0.80442274,-0.80511945,-0.805163,-0.8056343,-0.805944,-0.80630475,-0.80599236,-0.8070072,-0.80692977,-0.8070472,-0.8068958,-0.8076323,-0.80788916,-0.8077435,-0.80854625,-0.8100744,-0.80938554,-0.81009465,-0.80976087,-0.8102111,-0.80996287,-0.81020266,-0.80989707,-0.80924517,-0.8099082,-0.809936,-0.81028855,-0.81097615,-0.8118341,-0.81157005,-0.81168914,-0.81050617,-0.81158346,-0.8123182,-0.8118259,-0.8128751,-0.81205386,-0.81163174,-0.8131156,-0.81224096,-0.81138504,-0.81203544,-0.81127125,-0.8137657,-0.814273,-0.8154039,-0.81586266,-0.8166878,-0.8132706,-0.8143299,-0.81194395,-0.81577367,-0.8117606,-0.81933576,-0.8218995,-0.8230326,-0.82325506,-0.8150401,-0.81498724,-0.8192054,-0.8174546,-0.8188834,-0.81012535,-0.81707704,-0.8151895,-0.81120723,-0.80989677,-0.8079287,-0.81113625,-0.8118563,-0.8045332,-0.8129698,-0.8099333,-0.81526357,-0.80817676,-0.81270736,-0.81606406,-0.7151206
431.97,-0.4248706,-0.29650688,-0.22526282,-0.17122826,-0.12198676,-0.07944025,-0.06158543,-0.050698575,-0.035161395,-0.028337253,-0.023003925,-0.02559339,0.0,0.023795128,0.03607124,0.04836395,0.05424772,0.06032704,0.06384277,0.06254622,0.06163956,0.064692475,0.06664213,0.06450305,0.06445523,0.0669526,0.068826295,0.068571545,0.068935595,0.0677466,0.06004284,0.05229434,0.04930225,0.03901923,0.023118969,-0.0029551212,-0.03241826,-0.0678399,-0.109842554,-0.15831012,-0.20988122,-0.26679218,-0.31665847,-0.3602705,-0.39860165,-0.4288942,-0.44886556,-0.46529773,-0.47419453,-0.48186296,-0.4859142,-0.49053612,-0.4935987,-0.49442938,-0.4930555,-0.48753858,-0.4776284,-0.46515232,-0.4498701,-0.42978948,-0.40732154,-0.38855624,-0.37028152,-0.35425037,-0.34007144,-0.33213103,-0.32358187,-0.31575295,-0.30929124,-0.30519614,-0.2977865,-0.28939196,-0.27773076,-0.2621445,-0.24761865,-0.2346149,-0.22412835,-0.21845716,-0.2164655,-0.21532744,-0.2122497,-0.20492841,-0.19220486,-0.17639215,-0.15635227,-0.13847424,-0.12203673,-0.10982619,-0.1009591,-0.07963196,-0.05212049,-0.030907515,-0.01612827,-0.0061457297,-0.00017439938,-0.0021671888,-0.015600359,-0.03502555,-0.08606207,-0.15703636,-0.23768902,-0.32700458,-0.41256222,-0.48915184,-0.55235535,-0.6008917,-0.640901,-0.6738427,-0.70331347,-0.7275745,-0.7454796,-0.7586661,-0.77047217,-0.7807225,-0.78792584,-0.79308885,-0.7986065,-0.8012579,-0.8037062,-0.8056676,-0.8071948,-0.8087047,-0.80872804,-0.8116526,-0.815663,-0.81373394,-0.8129877,-0.8136579,-0.81369966,-0.81414807,-0.8144468,-0.8147933,-0.8144897,-0.81546557,-0.81538975,-0.81550115,-0.81535554,-0.81606054,-0.8163054,-0.81616807,-0.81693715,-0.8183994,-0.8177367,-0.81841666,-0.818098,-0.81853044,-0.8182908,-0.818521,-0.81823105,-0.8176016,-0.8182433,-0.8182672,-0.81860346,-0.8192606,-0.8200829,-0.81983083,-0.81994766,-0.8188071,-0.81984204,-0.8205485,-0.8200757,-0.82108456,-0.82029265,-0.8198844,-0.8213128,-0.8204701,-0.81964666,-0.82026404,-0.819531,-0.82192105,-0.8224069,-0.8234955,-0.823935,-0.82472056,-0.8214387,-0.8224582,-0.82017034,-0.82385117,-0.8199822,-0.8272227,-0.8296439,-0.83073336,-0.8309678,-0.8230819,-0.8230193,-0.8270805,-0.82540524,-0.82679254,-0.81838167,-0.825056,-0.8232578,-0.81944096,-0.81818986,-0.8162915,-0.8193629,-0.82006574,-0.81303066,-0.821137,-0.8182055,-0.82332075,-0.8165135,-0.8208541,-0.82408184,-0.72685045
434.87,-0.44354808,-0.31762844,-0.24744783,-0.19405976,-0.14524198,-0.10298909,-0.08522122,-0.07437485,-0.058889873,-0.05208849,-0.04676746,-0.04935016,-0.023795128,0.0,0.012289871,0.024610655,0.030510351,0.036616653,0.040153205,0.038858354,0.037956372,0.0410276,0.042985976,0.040841807,0.04079657,0.043303527,0.045187235,0.044938512,0.045304812,0.044115793,0.03639036,0.02861732,0.02562798,0.01533482,-0.0005829131,-0.026661845,-0.056088455,-0.09140899,-0.1332195,-0.18136159,-0.23246522,-0.28871253,-0.33786535,-0.3807546,-0.41837782,-0.44805297,-0.46759507,-0.48366016,-0.49235344,-0.4998437,-0.50380266,-0.5083101,-0.5113017,-0.5121117,-0.5107691,-0.50538415,-0.49571118,-0.4835195,-0.46858442,-0.4489359,-0.42692462,-0.40852833,-0.39058748,-0.37484613,-0.36090216,-0.3530926,-0.34467962,-0.336973,-0.33061078,-0.32657632,-0.3192744,-0.31099916,-0.29949394,-0.2841135,-0.26976708,-0.25691482,-0.24654493,-0.24093279,-0.23896717,-0.23784089,-0.23479487,-0.22754768,-0.21494812,-0.19927806,-0.17940618,-0.16166101,-0.14533181,-0.13319977,-0.12438775,-0.103162386,-0.07575441,-0.05460259,-0.03985417,-0.02988873,-0.023923535,-0.025919093,-0.039345086,-0.058735948,-0.10959755,-0.1801099,-0.25996524,-0.34803456,-0.43205565,-0.5069589,-0.56856436,-0.61573285,-0.6545216,-0.6863999,-0.71487284,-0.7382788,-0.75553906,-0.76823854,-0.77960074,-0.7894642,-0.7963895,-0.80135363,-0.8066582,-0.809206,-0.81155735,-0.81344277,-0.814908,-0.81636375,-0.81638604,-0.8191968,-0.82305413,-0.82119435,-0.8204819,-0.821128,-0.8211663,-0.8215983,-0.821886,-0.8222181,-0.82192653,-0.82286686,-0.82279396,-0.82289815,-0.8227566,-0.82343704,-0.8236736,-0.8235371,-0.8242793,-0.8256851,-0.82504493,-0.82570106,-0.82539344,-0.8258099,-0.8255798,-0.8258037,-0.8255215,-0.82491803,-0.8255348,-0.8255573,-0.8258791,-0.8265143,-0.82730746,-0.8270635,-0.8271767,-0.8260741,-0.8270711,-0.8277531,-0.827298,-0.82826596,-0.8275015,-0.8271084,-0.8284872,-0.8276719,-0.8268794,-0.82747304,-0.82676077,-0.8290628,-0.82953274,-0.8305846,-0.8310005,-0.8317625,-0.82859874,-0.82958734,-0.8273813,-0.8309231,-0.8271972,-0.83415306,-0.8364463,-0.8375088,-0.8377518,-0.83016306,-0.8300867,-0.83400404,-0.8323982,-0.83372635,-0.8256254,-0.83206844,-0.83034086,-0.8266745,-0.8254792,-0.82363576,-0.82659423,-0.8272681,-0.8204954,-0.828312,-0.8254773,-0.83040494,-0.82385075,-0.82802314,-0.8311194,-0.73723245
437.76,-0.453006,-0.32838163,-0.25875694,-0.20572624,-0.15717155,-0.11508283,-0.097379394,-0.08656156,-0.071111225,-0.064322315,-0.059014373,-0.061589614,-0.03607124,-0.012289871,0.0,0.01232641,0.018232409,0.024346301,0.027891167,0.026597118,0.02569775,0.028776376,0.030740857,0.02859224,0.028548222,0.031063545,0.03294995,0.03270173,0.033069707,0.031882297,0.024148205,0.016364813,0.013379342,0.0030826256,-0.012839165,-0.038912453,-0.06831255,-0.1035698,-0.14527018,-0.19323535,-0.24408264,-0.29996705,-0.348741,-0.39124325,-0.42848715,-0.45784187,-0.4771534,-0.49303,-0.5016126,-0.5090072,-0.51291484,-0.5173666,-0.52032065,-0.52112126,-0.5197973,-0.5144802,-0.5049301,-0.49289504,-0.47813448,-0.45871794,-0.43695116,-0.41874683,-0.40098685,-0.38539267,-0.3715816,-0.3638419,-0.35549667,-0.34785885,-0.34154886,-0.337543,-0.33030075,-0.32209015,-0.31067163,-0.29539716,-0.28114447,-0.2683744,-0.25806704,-0.25249106,-0.2505311,-0.24941431,-0.24638772,-0.23917763,-0.22664626,-0.21105608,-0.19127578,-0.17360093,-0.15733135,-0.14523952,-0.13645692,-0.11528986,-0.0879413,-0.06682474,-0.052097075,-0.04214155,-0.03618161,-0.038177095,-0.051593095,-0.07095727,-0.12171121,-0.19196837,-0.27138466,-0.35880262,-0.44200864,-0.5160333,-0.57679343,-0.6232524,-0.6614069,-0.6927318,-0.72068393,-0.74365115,-0.76058036,-0.7730261,-0.7841621,-0.79382616,-0.80060834,-0.8054703,-0.81066674,-0.8131569,-0.8154593,-0.81730545,-0.8187414,-0.8201642,-0.8201838,-0.8229413,-0.8267219,-0.8249007,-0.8241999,-0.8248333,-0.82487196,-0.8252949,-0.8255786,-0.82590467,-0.8256165,-0.8265383,-0.82646734,-0.82657,-0.8264301,-0.82709694,-0.8273285,-0.82719463,-0.8279222,-0.8292987,-0.8286698,-0.8293142,-0.82901025,-0.82942116,-0.82919604,-0.82941186,-0.82913977,-0.8285448,-0.8291521,-0.82917476,-0.8294891,-0.83011025,-0.830888,-0.8306484,-0.83076066,-0.8296793,-0.83065826,-0.83132446,-0.8308799,-0.8318293,-0.8310776,-0.83069295,-0.8320407,-0.8312434,-0.8304678,-0.83104193,-0.8303478,-0.8326043,-0.83306366,-0.8340961,-0.834504,-0.8352479,-0.8321409,-0.8331153,-0.83095527,-0.83443403,-0.83076817,-0.8375788,-0.83982325,-0.8408623,-0.8411007,-0.83365333,-0.8335851,-0.83742017,-0.8358465,-0.8371558,-0.82922786,-0.83554626,-0.8338571,-0.83026534,-0.82909447,-0.82728165,-0.83017457,-0.8308468,-0.8242013,-0.8318671,-0.8290802,-0.8339185,-0.82749003,-0.8315729,-0.8346089,-0.74239975
440.66,-0.46216595,-0.33892763,-0.26994818,-0.21730849,-0.16903293,-0.12714814,-0.10951263,-0.09872799,-0.083329685,-0.076564275,-0.07126671,-0.0738363,-0.04836395,-0.024610655,-0.01232641,0.0,0.0059100487,0.012030845,0.015580211,0.014289956,0.01339118,0.016478252,0.018443385,0.016294084,0.016250897,0.018770173,0.020660628,0.02041482,0.020783274,0.019594941,0.011853751,0.004063772,0.0010798783,-0.009218223,-0.025140062,-0.051205073,-0.08057396,-0.115765356,-0.15734941,-0.20511952,-0.25570247,-0.3112106,-0.35958567,-0.40168995,-0.4385403,-0.4675529,-0.48663476,-0.50230914,-0.5107775,-0.5180801,-0.52193767,-0.52632886,-0.5292424,-0.530033,-0.5287274,-0.5234827,-0.51406026,-0.5021787,-0.48761147,-0.46843457,-0.44692388,-0.4289207,-0.41134778,-0.39591232,-0.38223365,-0.37456858,-0.36630085,-0.35872877,-0.35247254,-0.34850457,-0.34131908,-0.33317688,-0.32184085,-0.3066802,-0.29252848,-0.27984563,-0.26960117,-0.2640598,-0.2621102,-0.2609965,-0.25798666,-0.2508233,-0.23836224,-0.22285184,-0.20316772,-0.18556367,-0.16935576,-0.15730567,-0.14854932,-0.12744503,-0.10016081,-0.07908355,-0.064374365,-0.054432448,-0.04847824,-0.050474066,-0.06387343,-0.08320959,-0.1338332,-0.20382223,-0.2828069,-0.3695396,-0.45191014,-0.5250101,-0.58490586,-0.6306283,-0.6681289,-0.698877,-0.7262949,-0.7488147,-0.7653976,-0.77758914,-0.7884926,-0.79795444,-0.80459136,-0.8093493,-0.814438,-0.816873,-0.8191257,-0.8209316,-0.82233804,-0.8237309,-0.82374847,-0.8264516,-0.83016115,-0.8283741,-0.82768726,-0.8283124,-0.82834905,-0.82876307,-0.82904136,-0.8293579,-0.82907903,-0.82998234,-0.8299132,-0.8300112,-0.8298751,-0.8305279,-0.8307548,-0.8306247,-0.83133817,-0.83268905,-0.8320701,-0.8327017,-0.83240384,-0.8328062,-0.8325846,-0.83280075,-0.832533,-0.8319492,-0.8325463,-0.83256435,-0.8328724,-0.83348686,-0.8342473,-0.83401144,-0.83412164,-0.8330588,-0.8340177,-0.83467424,-0.8342355,-0.83516806,-0.8344305,-0.83405185,-0.8353762,-0.8345904,-0.8338294,-0.83439595,-0.83370936,-0.8359216,-0.83637583,-0.83738744,-0.8377872,-0.8385146,-0.83546823,-0.8364244,-0.8343063,-0.8377192,-0.8341186,-0.8407964,-0.84295946,-0.8439848,-0.84424734,-0.83692986,-0.83686215,-0.8406255,-0.839083,-0.84037477,-0.8325844,-0.8387949,-0.837157,-0.8336392,-0.8324849,-0.8307024,-0.8335444,-0.8341993,-0.8276793,-0.83520854,-0.83246243,-0.83721024,-0.8308971,-0.8348997,-0.83787817,-0.7472828
