,397.32,400.20,403.09,405.97,408.85,411.74,414.63,417.52,420.40,423.29,426.19,429.08,431.97,434.87,437.76,440.66,443.56,446.45,449.35,452.25,455.16,458.06,460.96,463.87,466.77,469.68,472.59,475.50,478.41,481.32,484.23,487.14,490.06,492.97,495.89,498.80,501.72,504.64,507.56,510.48,513.40,516.33,519.25,522.18,525.10,528.03,530.96,533.89,536.82,539.75,542.68,545.62,548.55,551.49,554.43,557.36,560.30,563.24,566.18,569.12,572.07,575.01,577.96,580.90,583.85,586.80,589.75,592.70,595.65,598.60,601.55,604.51,607.46,610.42,613.38,616.34,619.30,622.26,625.22,628.18,631.15,634.11,637.08,640.04,643.01,645.98,648.95,651.92,654.89,657.87,660.84,663.81,666.79,669.77,672.75,675.73,678.71,681.69,684.67,687.65,690.64,693.62,696.61,699.60,702.58,705.57,708.57,711.56,714.55,717.54,720.54,723.53,726.53,729.53,732.53,735.53,738.53,741.53,744.53,747.54,750.54,753.55,756.56,759.56,762.57,765.58,768.60,771.61,774.62,777.64,780.65,783.67,786.68,789.70,792.72,795.74,798.77,801.79,804.81,807.84,810.86,813.89,816.92,819.95,822.98,826.01,829.04,832.07,835.11,838.14,841.18,844.22,847.25,850.29,853.33,856.37,859.42,862.46,865.50,868.55,871.60,874.64,877.69,880.74,883.79,886.84,889.90,892.95,896.01,899.06,902.12,905.18,908.24,911.30,914.36,917.42,920.48,923.55,926.61,929.68,932.74,935.81,938.88,941.95,945.02,948.10,951.17,954.24,957.32,960.40,963.47,966.55,969.63,972.71,975.79,978.88,981.96,985.05,988.13,991.22,994.31,997.40,1000.49,1003.58
397.32,0.0,0.16178448,0.24785043,0.30744413,0.35185355,0.3862902,0.4061695,0.4179945,0.42743045,0.4362495,0.4375887,0.4377893,0.46283677,0.4818227,0.49174643,0.5039469,0.51215374,0.519928,0.5272205,0.5294649,0.5331645,0.53604895,0.54144067,0.5396567,0.5422072,0.54350215,0.5455475,0.54922533,0.55193377,0.55133593,0.54816836,0.5478092,0.5500517,0.55107445,0.5485253,0.542185,0.53480023,0.5284125,0.51960933,0.50480306,0.48691136,0.46435723,0.4467661,0.4262449,0.4056588,0.38792416,0.37699842,0.3681222,0.36233556,0.3574293,0.35487714,0.35121605,0.3489944,0.34528822,0.344075,0.3436107,0.34756857,0.3533799,0.36115608,0.3711486,0.38214156,0.39115453,0.3992254,0.40571612,0.40985137,0.40821254,0.40864184,0.40993878,0.4100159,0.4079597,0.40685195,0.4060575,0.4097195,0.40976313,0.41242537,0.414292,0.41684255,0.41451502,0.40883553,0.40505868,0.40477684,0.40671226,0.41475007,0.42472103,0.43544608,0.44106966,0.4471755,0.44991967,0.45317727,0.46170732,0.47121513,0.47970474,0.48688364,0.48601705,0.48142546,0.4780115,0.47014624,0.45736417,0.424028,0.38142687,0.33105177,0.255282,0.1682725,0.069775075,-0.026657116,-0.111768395,-0.18844119,-0.2596549,-0.32527357,-0.3771197,-0.4214366,-0.45536613,-0.48606858,-0.51246226,-0.5316865,-0.5468703,-0.5598391,-0.57005274,-0.5779026,-0.58428687,-0.5892517,-0.5927304,-0.5966414,-0.60377043,-0.606469,-0.604189,-0.6053648,-0.6081292,-0.60903955,-0.6098298,-0.61097443,-0.61269695,-0.6132866,-0.61512804,-0.6153964,-0.61544716,-0.61655635,-0.6175785,-0.61781144,-0.62020904,-0.6208612,-0.62179506,-0.6231379,-0.6235829,-0.6233935,-0.62409765,-0.62393457,-0.6242526,-0.6258392,-0.6257766,-0.6251323,-0.6249927,-0.62607044,-0.62792605,-0.62708235,-0.6291099,-0.62918967,-0.6288386,-0.6300873,-0.6318669,-0.63272756,-0.6315644,-0.63240945,-0.63187456,-0.63351303,-0.6321173,-0.6325007,-0.6351736,-0.6370844,-0.6368319,-0.63552403,-0.63432795,-0.6396245,-0.63746864,-0.6357507,-0.63789904,-0.63665485,-0.63641346,-0.63265395,-0.6387523,-0.64809334,-0.64269686,-0.6445939,-0.6460284,-0.638518,-0.64358145,-0.6411609,-0.6440637,-0.63397,-0.631737,-0.6238774,-0.62911785,-0.6205058,-0.62578416,-0.62415296,-0.6246524,-0.6297643,-0.62894005,-0.62198496,-0.62429893,-0.62399626,-0.6371342,-0.6364533,-0.46152052
400.20,-0.16178448,0.0,0.08988249,0.15374495,0.20230217,0.24051972,0.26282823,0.2761933,0.2869209,0.2969233,0.29849207,0.29873735,0.32745996,0.34938362,0.36100498,0.37523562,0.38485107,0.39399412,0.40260842,0.40531376,0.4096724,0.41310957,0.419503,0.41739225,0.42043635,0.42198575,0.42443106,0.4288586,0.43205768,0.4313917,0.42758533,0.427129,0.42982146,0.4310405,0.42800617,0.4204447,0.4116717,0.40409955,0.3937711,0.37643743,0.355717,0.32980853,0.30984986,0.28679404,0.2638561,0.24425635,0.23230882,0.22264509,0.2163558,0.21100794,0.20823336,0.20428401,0.20189849,0.19788228,0.19650008,0.19592129,0.2001613,0.20641817,0.21479622,0.22565794,0.23767701,0.24758032,0.2564749,0.2636428,0.26820394,0.26627418,0.266707,0.2681273,0.26817673,0.26582736,0.26457945,0.26365742,0.26775593,0.26777643,0.27075124,0.27288172,0.27573037,0.27313423,0.2667705,0.26255783,0.26225826,0.26445994,0.27355587,0.2848071,0.2969568,0.30328482,0.31021369,0.3133279,0.3170337,0.32676655,0.3377516,0.34749165,0.35582793,0.3547557,0.34945273,0.34551632,0.33640376,0.3217633,0.28381887,0.23613864,0.18079436,0.099308655,0.00827995,-0.09174202,-0.18662974,-0.2679241,-0.3392877,-0.40403342,-0.46241736,-0.507639,-0.5456935,-0.57448256,-0.6002718,-0.62224555,-0.6381386,-0.6506398,-0.6612677,-0.66961735,-0.67602706,-0.68122697,-0.68527186,-0.68810576,-0.6912922,-0.6970803,-0.6992566,-0.69742507,-0.6983944,-0.7006425,-0.7013852,-0.7020278,-0.70295805,-0.7043553,-0.7048354,-0.7063238,-0.70654374,-0.70658654,-0.7074886,-0.7083165,-0.70850915,-0.7104418,-0.7109717,-0.7117257,-0.71280956,-0.7131657,-0.7130221,-0.7135845,-0.7134612,-0.71372366,-0.71499985,-0.71495104,-0.71443236,-0.7143198,-0.7151948,-0.71667874,-0.71600085,-0.71762973,-0.71770006,-0.7174206,-0.7184256,-0.71984684,-0.720543,-0.7196116,-0.7202937,-0.71985745,-0.7211718,-0.7200524,-0.72036797,-0.7225159,-0.7240304,-0.72382027,-0.72278064,-0.72182286,-0.7260543,-0.7243373,-0.72295725,-0.7246766,-0.7236979,-0.7235073,-0.72047836,-0.72531503,-0.73269403,-0.72836256,-0.72992516,-0.7310731,-0.7250523,-0.72912115,-0.7271938,-0.7295165,-0.7214714,-0.7197032,-0.713389,-0.71765274,-0.71074593,-0.7149683,-0.71364385,-0.71406275,-0.71816343,-0.71749324,-0.7119263,-0.71375585,-0.7134908,-0.72402287,-0.72345614,-0.5796402
403.09,-0.24785043,-0.08988249,0.0,0.06483442,0.114704505,0.15429643,0.17757045,0.19157927,0.20284747,0.21338782,0.2150689,0.21531567,0.24569376,0.26900062,0.28141877,0.29666984,0.30696762,0.31679577,0.32606697,0.32901895,0.3337385,0.337448,0.3443658,0.34206873,0.34538692,0.34707534,0.34971285,0.3545548,0.35799795,0.35729775,0.3531585,0.35264853,0.35557002,0.35691065,0.35360157,0.3454121,0.33592176,0.32777268,0.31668234,0.29811382,0.27605912,0.24860771,0.22763784,0.20356008,0.17970602,0.15942912,0.14714158,0.13723083,0.13078699,0.1252967,0.12245644,0.11842059,0.1159978,0.111885995,0.110430054,0.109786294,0.11409426,0.12046134,0.12900497,0.14011694,0.15248436,0.16268516,0.17188242,0.17928958,0.18400489,0.1819303,0.18235333,0.18379855,0.18383776,0.18135831,0.18004653,0.17904715,0.1833245,0.18330702,0.18641773,0.18864292,0.19160874,0.18892193,0.18226129,0.17787446,0.1775734,0.1798842,0.18941185,0.20121014,0.21397516,0.22059731,0.22787997,0.23113698,0.23504844,0.24534214,0.25701913,0.26733065,0.27620545,0.2750269,0.26939058,0.26519743,0.25551617,0.2400379,0.20005745,0.15033735,0.09325558,0.010258605,-0.08101556,-0.17965409,-0.2716196,-0.34916773,-0.41632098,-0.47649395,-0.53015155,-0.5713208,-0.6057061,-0.6315711,-0.65462273,-0.6741783,-0.6882794,-0.6993489,-0.7087346,-0.7161009,-0.7217493,-0.72632915,-0.72988784,-0.7323798,-0.73518807,-0.7402731,-0.7421688,-0.7405638,-0.74142706,-0.7434065,-0.7440602,-0.74461895,-0.7454374,-0.74666476,-0.74708647,-0.7483929,-0.7485842,-0.7486215,-0.7494165,-0.7501398,-0.7503118,-0.75200325,-0.75246954,-0.7531265,-0.7540789,-0.7543913,-0.7542613,-0.7547618,-0.7546574,-0.7548837,-0.7559988,-0.75595665,-0.7555024,-0.7554041,-0.75617677,-0.75747013,-0.75687534,-0.75830114,-0.75836366,-0.758117,-0.75899667,-0.76024497,-0.7608553,-0.7600401,-0.76063544,-0.7602538,-0.7614009,-0.76041645,-0.7606986,-0.76257825,-0.76389813,-0.7637018,-0.7627995,-0.7619625,-0.76565367,-0.7641542,-0.76295286,-0.7644498,-0.7636048,-0.76343995,-0.7607745,-0.7649569,-0.77132815,-0.7675437,-0.76893467,-0.76994693,-0.76468253,-0.768233,-0.7665655,-0.7686077,-0.761591,-0.7600416,-0.7545168,-0.7583045,-0.752261,-0.75593257,-0.7547738,-0.75515515,-0.75874704,-0.7581444,-0.7532662,-0.75487494,-0.75460005,-0.7638282,-0.7633265,-0.6358658
405.97,-0.30744413,-0.15374495,-0.06483442,0.0,0.050282393,0.0904598,0.11420215,0.12853064,0.14009848,0.15091023,0.15264131,0.15292819,0.18420616,0.20831858,0.22123206,0.23709452,0.24782628,0.2580682,0.26776195,0.27087247,0.27580768,0.27971765,0.28697878,0.2845578,0.28804472,0.28982034,0.29259622,0.29769644,0.30131307,0.3005904,0.2962301,0.2956783,0.29876587,0.30016387,0.2966786,0.2880921,0.27813873,0.2696018,0.2580303,0.23869428,0.21583802,0.18749706,0.16597907,0.14137794,0.11708957,0.096523665,0.084123604,0.07413599,0.067649275,0.06211005,0.059257347,0.05520079,0.052769113,0.048630316,0.04713536,0.046452835,0.050755978,0.057137754,0.0657046,0.07689238,0.08937714,0.099690504,0.10901281,0.11652834,0.12129705,0.119142964,0.11954774,0.12100626,0.121029854,0.11847781,0.117136285,0.11609866,0.1204523,0.12042716,0.12359904,0.12587921,0.12891416,0.1261751,0.11937316,0.11489692,0.114599794,0.11697274,0.1267355,0.1388218,0.15192124,0.15871245,0.16618189,0.16953373,0.17355663,0.18416199,0.19623525,0.20688246,0.21608344,0.2148391,0.20899785,0.2046708,0.19462782,0.17866461,0.1375499,0.08682173,0.0290493,-0.054200213,-0.1447255,-0.24138862,-0.33040226,-0.40463993,-0.46832597,-0.5249244,-0.575021,-0.6132137,-0.644965,-0.6687572,-0.6898933,-0.70777863,-0.7206457,-0.7307344,-0.7392807,-0.7459802,-0.7511161,-0.7552774,-0.7585086,-0.7607738,-0.76332575,-0.7679329,-0.7696478,-0.76819414,-0.76898676,-0.77078354,-0.7713783,-0.7718873,-0.77262896,-0.773742,-0.7741239,-0.77531165,-0.77548224,-0.7755152,-0.7762411,-0.77689797,-0.77705175,-0.77858263,-0.77900726,-0.7796035,-0.7804618,-0.780748,-0.7806293,-0.78108543,-0.7809918,-0.7811968,-0.7822086,-0.7821762,-0.78176147,-0.7816722,-0.7823734,-0.7835452,-0.7830011,-0.7842929,-0.7843523,-0.78412676,-0.784918,-0.7860518,-0.78660715,-0.785869,-0.78640157,-0.7860639,-0.7871013,-0.7862124,-0.7864637,-0.788167,-0.7893506,-0.7891699,-0.7883604,-0.78760225,-0.7909364,-0.78958124,-0.78848785,-0.78984576,-0.7890933,-0.7889458,-0.786524,-0.79027176,-0.7959863,-0.79255736,-0.79384595,-0.794755,-0.78997207,-0.7931912,-0.79170024,-0.7935314,-0.7872011,-0.78582233,-0.78082585,-0.78426254,-0.77881193,-0.7821273,-0.7810562,-0.78140616,-0.7846446,-0.78411293,-0.7797105,-0.7811499,-0.7808963,-0.78925276,-0.78877914,-0.67250025
408.85,-0.35185355,-0.20230217,-0.114704505,-0.050282393,0.0,0.040389404,0.06435159,0.0788538,0.0905631,0.10153545,0.103310816,0.10359287,0.13544329,0.16004898,0.17326613,0.18953432,0.20055267,0.21109132,0.22108524,0.22429845,0.22939333,0.23341814,0.2409186,0.2384182,0.24201685,0.2438691,0.24674289,0.25203493,0.25576288,0.25502437,0.25051415,0.24993607,0.25313103,0.25457862,0.25099683,0.24210012,0.23182762,0.22302906,0.21114059,0.19130105,0.16793646,0.13905048,0.117224135,0.09234905,0.067862265,0.047185823,0.034765244,0.024776649,0.018293167,0.012748742,0.009898971,0.0058480245,0.003428603,-0.0007140498,-0.0022299793,-0.0029435933,0.0013353134,0.0076890164,0.016223494,0.027402185,0.039908472,0.050250124,0.059617236,0.067162335,0.07195414,0.06974333,0.07013044,0.07158942,0.0715957,0.06900404,0.0676424,0.06657825,0.070970945,0.07092776,0.07413296,0.0764467,0.07951254,0.076748796,0.069870666,0.06535397,0.06506074,0.06746718,0.07735118,0.089597665,0.10288425,0.10975748,0.11734521,0.12074877,0.12483897,0.13562265,0.14795019,0.1588035,0.16822016,0.16691753,0.16094741,0.1565316,0.14626108,0.13000508,0.088235356,0.037011772,-0.020961273,-0.1039135,-0.19334146,-0.28796238,-0.37429276,-0.4457061,-0.50652283,-0.56023616,-0.6075218,-0.64340705,-0.6731373,-0.6953622,-0.7150518,-0.7316794,-0.7436283,-0.75298953,-0.76090735,-0.7671124,-0.7718691,-0.77571964,-0.7787108,-0.780806,-0.7831711,-0.7874285,-0.789005,-0.787664,-0.7884036,-0.79007,-0.79062295,-0.79109174,-0.7917774,-0.7928071,-0.7931632,-0.79426014,-0.7944181,-0.79444987,-0.79512066,-0.7957279,-0.7958716,-0.79728496,-0.7976779,-0.79822797,-0.7990254,-0.79928493,-0.7991788,-0.7996022,-0.79951763,-0.79970753,-0.8006433,-0.80061376,-0.80022925,-0.80014575,-0.80079633,-0.8018769,-0.80137646,-0.80256754,-0.8026252,-0.8024149,-0.8031473,-0.80419284,-0.80470943,-0.8040231,-0.80452216,-0.8042051,-0.8051661,-0.8043415,-0.8045778,-0.80614644,-0.80723447,-0.8070627,-0.8063179,-0.8056204,-0.80869806,-0.807446,-0.8064404,-0.80769134,-0.80700004,-0.8068603,-0.80462396,-0.8080537,-0.81328547,-0.8101122,-0.8113178,-0.8121596,-0.8077476,-0.8107221,-0.8093383,-0.81103677,-0.8052147,-0.803941,-0.7993285,-0.8025357,-0.7975064,-0.8005527,-0.79955745,-0.79990023,-0.80288017,-0.80238587,-0.7983202,-0.79962945,-0.79939175,-0.80711424,-0.80667585,-0.6985792
411.74,-0.3862902,-0.24051972,-0.15429643,-0.0904598,-0.040389404,0.0,0.024036571,0.03860986,0.050395124,0.06145195,0.06324496,0.063537255,0.09569371,0.120608024,0.13403545,0.15056914,0.16178629,0.17252392,0.1827131,0.18601175,0.19120064,0.19532837,0.20298718,0.20043829,0.20413126,0.2060136,0.20895396,0.21437967,0.21819504,0.21744223,0.21282783,0.21222419,0.21550415,0.21699148,0.21331678,0.20422097,0.19371995,0.18474472,0.17264402,0.1524627,0.12877122,0.099559955,0.07757549,0.0525783,0.028030192,0.007350774,-0.005033176,-0.014982049,-0.0214368,-0.026961552,-0.029796802,-0.033823907,-0.03622791,-0.04035354,-0.041884203,-0.042618576,-0.03838166,-0.032078367,-0.023602368,-0.012478775,-9.132753e-06,0.010310097,0.019674545,0.027219424,0.032006517,0.029757455,0.030126886,0.031582743,0.031577077,0.028958479,0.027583199,0.026504287,0.030910267,0.03085856,0.03407572,0.03640441,0.03948541,0.036711264,0.029797142,0.025264652,0.024976933,0.027401658,0.037348364,0.0496718,0.063061036,0.06998302,0.077630535,0.08106418,0.08519008,0.09608553,0.108568095,0.119543366,0.12908942,0.12775514,0.121695764,0.11721566,0.10680802,0.0903729,0.048242982,-0.0031781332,-0.061089534,-0.14349814,-0.23173684,-0.32442665,-0.40837136,-0.47736764,-0.5358028,-0.5871661,-0.6321921,-0.6662396,-0.6943804,-0.7153767,-0.733944,-0.7495991,-0.7608401,-0.7696391,-0.7770749,-0.7829032,-0.78737223,-0.7909843,-0.7937894,-0.79575574,-0.79798,-0.8019772,-0.8034352,-0.8021785,-0.8028818,-0.8044473,-0.8049662,-0.8054051,-0.8060498,-0.80701506,-0.80734843,-0.8083776,-0.8085243,-0.8085541,-0.80918413,-0.80975556,-0.8098929,-0.81121707,-0.81158495,-0.8121011,-0.81284577,-0.81309,-0.8129898,-0.81339014,-0.8133099,-0.8134861,-0.8143628,-0.8143385,-0.81397927,-0.813901,-0.8145136,-0.8155255,-0.81505126,-0.8161676,-0.81622404,-0.816027,-0.8167153,-0.8176964,-0.8181775,-0.8175355,-0.81799895,-0.81770384,-0.81860274,-0.8178294,-0.81805384,-0.8195299,-0.82053983,-0.820374,-0.8196775,-0.81902945,-0.8219026,-0.8207383,-0.8197903,-0.82095385,-0.82032037,-0.82019424,-0.8180845,-0.82128334,-0.8261348,-0.8231554,-0.8243027,-0.8250997,-0.8209556,-0.82374126,-0.82246083,-0.8240485,-0.81861293,-0.817421,-0.8130963,-0.8161331,-0.81141394,-0.8142619,-0.8133275,-0.8136427,-0.81644243,-0.81596965,-0.8121695,-0.8133927,-0.81314564,-0.8203951,-0.81997144,-0.7181903
414.63,-0.4061695,-0.26282823,-0.17757045,-0.11420215,-0.06435159,-0.024036571,0.0,0.014592324,0.02640213,0.03748945,0.039294694,0.039582435,0.07188236,0.09694245,0.11047571,0.12715109,0.13846745,0.14931089,0.15960824,0.16295221,0.16821064,0.17238277,0.18013784,0.17755787,0.18129444,0.18321437,0.18618202,0.19168243,0.19555025,0.19479373,0.19011231,0.18951309,0.19281998,0.19433342,0.1906057,0.1813946,0.17076929,0.16169097,0.14947125,0.12911126,0.10525651,0.075891055,0.05384847,0.028825043,0.004287856,-0.016351055,-0.028687414,-0.038589634,-0.0450131,-0.050514694,-0.053332347,-0.05733834,-0.05972638,-0.06383737,-0.06537187,-0.06611887,-0.061915476,-0.055657435,-0.0472378,-0.036172144,-0.023748962,-0.013463661,-0.0041192505,0.0034082506,0.008182284,0.005913916,0.0062742634,0.00772187,0.0077102096,0.005078575,0.0036978933,0.0026083342,0.0070130224,0.0069535254,0.010169837,0.012504681,0.015591505,0.0128101725,0.005884576,0.0013474275,0.0010616987,0.003491169,0.013459438,0.025811665,0.039242346,0.046180177,0.0538573,0.05730281,0.06144763,0.07239247,0.08495313,0.09599339,0.10560528,0.104255855,0.09814881,0.09364126,0.08316267,0.06663848,0.024343226,-0.027124949,-0.08491327,-0.16686898,-0.25426096,-0.34567013,-0.42808864,-0.495584,-0.55256486,-0.6025039,-0.6461753,-0.67914075,-0.706352,-0.7266295,-0.74454075,-0.7596332,-0.7704625,-0.7789392,-0.78609776,-0.7917091,-0.79600924,-0.79948646,-0.802188,-0.80408144,-0.80622387,-0.81006694,-0.81146795,-0.81026185,-0.81094277,-0.81245255,-0.81295246,-0.8133734,-0.81399405,-0.8149241,-0.8152447,-0.81623524,-0.8163766,-0.8164063,-0.8170151,-0.8175635,-0.81769514,-0.8189689,-0.8193258,-0.8198198,-0.8205392,-0.8207743,-0.82067835,-0.82106364,-0.82098734,-0.8211583,-0.8220023,-0.8219778,-0.82163197,-0.8215541,-0.8221457,-0.82312065,-0.82266265,-0.8237373,-0.82379496,-0.8236047,-0.82426375,-0.8252083,-0.82567465,-0.82505506,-0.8255023,-0.82521707,-0.82608193,-0.8253373,-0.8255524,-0.8269746,-0.827942,-0.82778144,-0.82711476,-0.8264877,-0.8292502,-0.8281311,-0.82722014,-0.82834244,-0.82773614,-0.82761395,-0.8255863,-0.82864213,-0.833291,-0.83041894,-0.83153844,-0.83229935,-0.82830507,-0.83098745,-0.8297585,-0.8312957,-0.8260633,-0.82492155,-0.8207671,-0.8237068,-0.8191685,-0.82190263,-0.82099664,-0.82131106,-0.824001,-0.8235494,-0.81988734,-0.8210501,-0.82081664,-0.8277945,-0.8273741,-0.7291886
417.52,-0.4179945,-0.2761933,-0.19157927,-0.12853064,-0.0788538,-0.03860986,-0.014592324,0.0,0.011816048,0.022913227,0.024724282,0.025012264,0.057375718,0.082509406,0.096091434,0.11284662,0.12421874,0.13512443,0.14547814,0.1488515,0.15413497,0.15834019,0.16615489,0.16355146,0.16732116,0.16926259,0.17224479,0.17779288,0.18168785,0.18092032,0.17620811,0.17559423,0.17893893,0.18046294,0.1767094,0.16742925,0.15673484,0.14760363,0.13532038,0.11485695,0.09091727,0.061478328,0.039409906,0.014389953,-0.01012839,-0.030731713,-0.04302963,-0.05289964,-0.059298843,-0.06478472,-0.06758842,-0.071580015,-0.07395957,-0.078056686,-0.07959356,-0.08034701,-0.07616777,-0.06993867,-0.061560184,-0.050532013,-0.038148466,-0.027890733,-0.018563641,-0.011049988,-0.00628798,-0.008566724,-0.008212331,-0.006770402,-0.0067860703,-0.009424147,-0.010807835,-0.01190279,-0.0075020706,-0.007566097,-0.0043516215,-0.0020173285,0.00106917,-0.0017138426,-0.0086437445,-0.013181981,-0.013467822,-0.011036973,-0.0010649984,0.011296916,0.024743546,0.031689644,0.03937671,0.042827513,0.04698169,0.05795536,0.07055555,0.081627965,0.09127199,0.089906804,0.08377923,0.07925767,0.06873801,0.052177094,0.009802529,-0.041663773,-0.09934592,-0.1809789,-0.26780796,-0.3583783,-0.43983024,-0.5063906,-0.5624611,-0.61152536,-0.654376,-0.6866846,-0.7133329,-0.73318017,-0.7507025,-0.76546085,-0.77604645,-0.78433406,-0.7913286,-0.7968148,-0.8010189,-0.8044175,-0.80705893,-0.8089118,-0.81101006,-0.81476414,-0.81613624,-0.81496173,-0.8156308,-0.81710696,-0.817596,-0.81800765,-0.8186163,-0.8195262,-0.8198412,-0.8208078,-0.82094747,-0.8209799,-0.8215747,-0.82211185,-0.82224184,-0.82348454,-0.82383466,-0.82431746,-0.82502383,-0.8252515,-0.8251577,-0.82553333,-0.8254643,-0.8256323,-0.82645804,-0.8264333,-0.82609475,-0.82601947,-0.826597,-0.82754785,-0.82710326,-0.8281524,-0.82820827,-0.82802045,-0.8286691,-0.829592,-0.8300457,-0.8294419,-0.8298779,-0.8296003,-0.83044195,-0.82971656,-0.8299302,-0.8313186,-0.8322612,-0.83210087,-0.8314556,-0.83084047,-0.8335385,-0.83244765,-0.83155555,-0.8326531,-0.8320627,-0.8319462,-0.82995623,-0.8329422,-0.83747125,-0.83466506,-0.83576876,-0.8364999,-0.8326071,-0.8352339,-0.83403105,-0.83552545,-0.83043104,-0.82931185,-0.82525086,-0.82812184,-0.8236998,-0.82635736,-0.8254784,-0.8257915,-0.8284147,-0.8279683,-0.8243897,-0.8255373,-0.8253052,-0.8321046,-0.8317132,-0.7356731
420.40,-0.42743045,-0.2869209,-0.20284747,-0.14009848,-0.0905631,-0.050395124,-0.02640213,-0.011816048,0.0,0.011100902,0.012912437,0.013202183,0.04559981,0.07078271,0.08440977,0.10121401,0.11262589,0.12357312,0.1339692,0.13735974,0.14266999,0.14689586,0.15474834,0.15213078,0.15591855,0.15787013,0.16087183,0.16645487,0.1703669,0.16960025,0.16486122,0.16424003,0.16760767,0.1691356,0.16535786,0.15603733,0.14528751,0.13611841,0.12379024,0.10326322,0.079269454,0.04978351,0.027709011,0.002698471,-0.021792881,-0.042359747,-0.054624278,-0.06446433,-0.0708458,-0.0763144,-0.07910885,-0.08308733,-0.08545836,-0.08954488,-0.09108169,-0.091842055,-0.087683015,-0.081481,-0.07313435,-0.062143326,-0.049792957,-0.03955986,-0.030252097,-0.022753334,-0.018001808,-0.0202896,-0.019942274,-0.018505856,-0.0185268,-0.021168256,-0.022555007,-0.023653526,-0.01925887,-0.019326985,-0.01611551,-0.013781076,-0.010694891,-0.013477915,-0.020406947,-0.024941467,-0.02522494,-0.02279364,-0.01282171,-0.00045801766,0.012994809,0.019942196,0.027635243,0.031085983,0.035245445,0.046235334,0.058858067,0.06994489,0.07961379,0.0782424,0.07210001,0.06756618,0.057023868,0.04043521,-0.0019729666,-0.053401947,-0.11095958,-0.19228663,-0.27863327,-0.36852884,-0.4491986,-0.51500905,-0.5703712,-0.6187473,-0.66095006,-0.6927406,-0.71895033,-0.7384605,-0.7556723,-0.7701648,-0.78055865,-0.78869426,-0.7955582,-0.80094105,-0.8050647,-0.8083995,-0.8109903,-0.8128066,-0.81486154,-0.81854486,-0.8198886,-0.81873566,-0.819394,-0.8208432,-0.82132214,-0.82172704,-0.8223221,-0.8232147,-0.8235221,-0.82447284,-0.8246079,-0.82463866,-0.8252229,-0.82574886,-0.8258753,-0.8270954,-0.8274387,-0.8279122,-0.828603,-0.828828,-0.8287365,-0.8291076,-0.8290385,-0.8292003,-0.83001095,-0.82998747,-0.8296563,-0.82958126,-0.83014876,-0.8310818,-0.8306438,-0.83167475,-0.8317274,-0.8315445,-0.8321764,-0.8330825,-0.8335299,-0.8329354,-0.8333663,-0.83309263,-0.8339191,-0.8332079,-0.83341724,-0.83477885,-0.8357026,-0.8355459,-0.8349092,-0.8343075,-0.8369518,-0.8358817,-0.83500665,-0.83608294,-0.8355112,-0.8353929,-0.83343667,-0.8363521,-0.84078026,-0.83802605,-0.83911705,-0.8398351,-0.8360221,-0.83858407,-0.83741486,-0.83888113,-0.8338801,-0.8327949,-0.82880497,-0.8316355,-0.8272999,-0.82990164,-0.829038,-0.8293475,-0.83192176,-0.8314762,-0.8279738,-0.8290955,-0.82886404,-0.8355464,-0.83514524,-0.74080217
423.29,-0.4362495,-0.2969233,-0.21338782,-0.15091023,-0.10153545,-0.06145195,-0.03748945,-0.022913227,-0.011100902,0.0,0.0018133327,0.0021031883,0.034525096,0.05974782,0.07340238,0.090252385,0.10169397,0.112679,0.12311627,0.12652302,0.13185565,0.13609873,0.14398763,0.14135861,0.14516914,0.14712799,0.15014061,0.15574887,0.15968446,0.15891339,0.15415333,0.15352748,0.15690605,0.15844756,0.15464965,0.1452866,0.13449189,0.12528574,0.112913996,0.09233153,0.06829139,0.03877373,0.016704403,-0.008285228,-0.032739066,-0.05326065,-0.065486185,-0.0752914,-0.08164856,-0.08710073,-0.089883536,-0.09384517,-0.09620629,-0.10028068,-0.1018184,-0.10258502,-0.098449096,-0.092274904,-0.08396728,-0.07301708,-0.06070546,-0.05050287,-0.04121606,-0.033735644,-0.028997004,-0.031294648,-0.030953024,-0.029522642,-0.02954845,-0.03219446,-0.033583477,-0.03468738,-0.030299952,-0.03037156,-0.027167024,-0.024834963,-0.021752076,-0.02453646,-0.031464715,-0.035997856,-0.036281407,-0.033851147,-0.02388376,-0.01152027,0.0019345393,0.008883119,0.016580459,0.02003529,0.0241972,0.035197135,0.047841538,0.05894937,0.06864027,0.06726222,0.06110036,0.056559492,0.045996446,0.029384226,-0.013050071,-0.06444604,-0.12188392,-0.20291664,-0.28878194,-0.37799034,-0.45789844,-0.52298224,-0.57764965,-0.625371,-0.6669543,-0.6982601,-0.72405356,-0.7432421,-0.76017004,-0.7744143,-0.78462905,-0.7926227,-0.79936785,-0.8046586,-0.80871135,-0.8119887,-0.814534,-0.8163198,-0.8183413,-0.8219595,-0.823286,-0.82215637,-0.82280207,-0.82422566,-0.8246981,-0.825095,-0.8256821,-0.82656085,-0.8268628,-0.82779646,-0.8279296,-0.8279625,-0.8285375,-0.82905537,-0.8291804,-0.8303772,-0.8307159,-0.8311807,-0.83186316,-0.83208287,-0.8319919,-0.8323566,-0.83228934,-0.83244956,-0.8332457,-0.8332241,-0.83289456,-0.832823,-0.83338255,-0.83429843,-0.8338676,-0.83488005,-0.83493423,-0.83475363,-0.83537585,-0.83627075,-0.83670586,-0.8361249,-0.8365444,-0.8362775,-0.8370898,-0.83638936,-0.836595,-0.8379381,-0.83884263,-0.8386829,-0.83806413,-0.8374722,-0.84006566,-0.83901674,-0.8381594,-0.8392174,-0.83865124,-0.83853817,-0.8366146,-0.8394773,-0.84382606,-0.8411268,-0.84219736,-0.84289867,-0.8391516,-0.8416719,-0.84052414,-0.8419681,-0.83706504,-0.8359884,-0.8320681,-0.83485603,-0.8305928,-0.8331493,-0.8322957,-0.832602,-0.83513343,-0.83469915,-0.83125603,-0.83235264,-0.8321211,-0.8386866,-0.8382964,-0.7455225
426.19,-0.4375887,-0.29849207,-0.2150689,-0.15264131,-0.103310816,-0.06324496,-0.039294694,-0.024724282,-0.012912437,-0.0018133327,0.0,0.00028998364,0.03271592,0.0579434,0.07160529,0.08846576,0.09991873,0.11091314,0.12135603,0.124769256,0.13010943,0.13435274,0.14224958,0.139621,0.14343303,0.14540266,0.14841153,0.15403312,0.157965,0.1571942,0.1524277,0.15180732,0.15518701,0.15673241,0.15293166,0.14355719,0.13275096,0.12353628,0.11115955,0.0905604,0.06650858,0.03698254,0.014910646,-0.010077356,-0.034526367,-0.055041794,-0.06726129,-0.07706236,-0.08341362,-0.08886423,-0.09164359,-0.09560378,-0.097963706,-0.10203624,-0.10357334,-0.1043413,-0.10020951,-0.0940391,-0.08573784,-0.07479373,-0.062487718,-0.052290197,-0.043006215,-0.035528746,-0.030791858,-0.033090096,-0.032750826,-0.031320155,-0.031347115,-0.03399425,-0.03538315,-0.036487464,-0.032101203,-0.03217346,-0.028968535,-0.026637355,-0.023553876,-0.026339268,-0.033267558,-0.037801117,-0.038085602,-0.035654668,-0.025686977,-0.013324746,0.00013008178,0.007078864,0.014775806,0.018229825,0.022392679,0.03339628,0.046045937,0.057156418,0.066852376,0.06546853,0.059305362,0.054764293,0.044194378,0.027580664,-0.014863499,-0.06625338,-0.12366916,-0.20465082,-0.29043838,-0.37954035,-0.45931506,-0.5242717,-0.5788201,-0.62641877,-0.6678928,-0.69910944,-0.72482467,-0.7439588,-0.7608354,-0.77503717,-0.7852208,-0.7931925,-0.79991275,-0.80518997,-0.80922955,-0.8124978,-0.8150383,-0.8168175,-0.81883657,-0.82244563,-0.8237658,-0.82263905,-0.82328415,-0.82470554,-0.8251771,-0.8255725,-0.8261575,-0.8270338,-0.827336,-0.82826775,-0.8284005,-0.8284337,-0.8290055,-0.8295236,-0.8296494,-0.8308409,-0.8311807,-0.8316433,-0.8323238,-0.8325432,-0.8324538,-0.8328157,-0.83274955,-0.83291036,-0.8337029,-0.83368236,-0.83335614,-0.8332821,-0.83384013,-0.8347527,-0.83432484,-0.83533317,-0.83538944,-0.8352077,-0.83583164,-0.8367193,-0.83715457,-0.83657634,-0.83699626,-0.8367265,-0.83753544,-0.8368375,-0.837042,-0.83838356,-0.8392829,-0.8391294,-0.8385104,-0.8379171,-0.8405024,-0.8394608,-0.83860487,-0.8396557,-0.83909816,-0.8389907,-0.8370647,-0.83992356,-0.8442487,-0.8415491,-0.8426239,-0.84332454,-0.8395837,-0.8421032,-0.8409539,-0.8423942,-0.8375133,-0.83643925,-0.8325289,-0.8353163,-0.8310679,-0.83360386,-0.83276117,-0.83306634,-0.83558804,-0.8351597,-0.8317164,-0.8328188,-0.8325905,-0.8391284,-0.8387376,-0.7461942
429.08,-0.4377893,-0.29873735,-0.21531567,-0.15292819,-0.10359287,-0.063537255,-0.039582435,-0.025012264,-0.013202183,-0.0021031883,-0.00028998364,0.0,0.03242571,0.0576559,0.07131925,0.08818235,0.09963796,0.11062895,0.12107611,0.12448959,0.12982695,0.1340837,0.14198004,0.13934986,0.14315918,0.14512424,0.14814332,0.15376098,0.15769702,0.15692455,0.15215592,0.15152824,0.15491669,0.15646094,0.1526583,0.14327902,0.13246866,0.12325663,0.11087584,0.09027356,0.06622088,0.036696386,0.0146289375,-0.010353717,-0.03479511,-0.055302426,-0.06751544,-0.07731138,-0.08366252,-0.08910669,-0.091888525,-0.09584591,-0.09820489,-0.10227531,-0.10381461,-0.10458083,-0.10045204,-0.09428765,-0.08598933,-0.07505246,-0.06275101,-0.052558366,-0.043278906,-0.035803426,-0.031069363,-0.033367686,-0.033029594,-0.03160102,-0.031628463,-0.0342751,-0.035664726,-0.036770336,-0.03238497,-0.032458097,-0.0292537,-0.026923565,-0.023840606,-0.026626205,-0.03355507,-0.038087502,-0.03837226,-0.035942975,-0.025976785,-0.013615781,-0.00016173998,0.006786907,0.014483396,0.017937962,0.02210018,0.0331053,0.045755323,0.056863956,0.06656232,0.06518201,0.05901832,0.054475404,0.04390331,0.027287215,-0.015156298,-0.06654081,-0.123951755,-0.20491455,-0.29067433,-0.3797344,-0.4594706,-0.52439284,-0.5789125,-0.6264885,-0.66794616,-0.69915205,-0.7248544,-0.743979,-0.760848,-0.7750458,-0.78522414,-0.7931954,-0.79991704,-0.80519354,-0.80923396,-0.8125033,-0.815043,-0.81682575,-0.8188458,-0.82245654,-0.82378066,-0.8226551,-0.823303,-0.82472265,-0.8251952,-0.8255924,-0.82617956,-0.8270574,-0.8273607,-0.8282925,-0.82842666,-0.8284589,-0.8290331,-0.8295512,-0.82967824,-0.8308713,-0.83120906,-0.83167344,-0.8323532,-0.83257496,-0.8324844,-0.8328468,-0.83278173,-0.83294183,-0.83373636,-0.83371615,-0.8333898,-0.83331674,-0.8338749,-0.83478904,-0.8343591,-0.83536977,-0.83542293,-0.8352434,-0.83586335,-0.8367564,-0.8371903,-0.8366149,-0.8370296,-0.83676344,-0.83757377,-0.8368761,-0.83708256,-0.8384218,-0.83932275,-0.83916646,-0.8385492,-0.8379564,-0.84054416,-0.8394995,-0.83864504,-0.83969635,-0.8391399,-0.83902866,-0.8371064,-0.8399669,-0.8442923,-0.841597,-0.84265965,-0.8433629,-0.8396328,-0.8421516,-0.8410022,-0.8424415,-0.8375521,-0.8364885,-0.8325815,-0.83535963,-0.8311074,-0.8336535,-0.83280414,-0.8331122,-0.83563095,-0.8352,-0.8317671,-0.8328636,-0.8326314,-0.8391727,-0.8387919,-0.7463004
431.97,-0.46283677,-0.32745996,-0.24569376,-0.18420616,-0.13544329,-0.09569371,-0.07188236,-0.057375718,-0.04559981,-0.034525096,-0.03271592,-0.03242571,0.0,0.02529045,0.039013047,0.055969857,0.067499794,0.078581005,0.08911732,0.09257386,0.09796861,0.10226143,0.110246755,0.10758451,0.11144387,0.11343952,0.116489954,0.12218625,0.12616818,0.12539251,0.12056286,0.11992976,0.1233578,0.12492927,0.12108213,0.11159757,0.100674234,0.09137745,0.07890632,0.058177155,0.03403392,0.004465026,-0.017559683,-0.042445824,-0.06674637,-0.08709791,-0.09918824,-0.108874425,-0.11515124,-0.12054328,-0.123286024,-0.12719758,-0.12952752,-0.13355707,-0.13509311,-0.13587382,-0.13180788,-0.12573278,-0.11755165,-0.10674294,-0.09456851,-0.08447296,-0.075269416,-0.06785566,-0.06316652,-0.0654829,-0.06516456,-0.06375234,-0.063793,-0.066445366,-0.06783856,-0.06895339,-0.06459745,-0.06468226,-0.061496373,-0.059178934,-0.05610629,-0.058890406,-0.0657991,-0.07031907,-0.07059956,-0.06817836,-0.05824121,-0.04590874,-0.03247175,-0.025535438,-0.0178404,-0.014387012,-0.010223226,0.0007956575,0.013477951,0.024614329,0.034351278,0.032951716,0.026757576,0.022198075,0.011587634,-0.0050588963,-0.04749601,-0.09867578,-0.15563378,-0.23560682,-0.31986526,-0.40688226,-0.4843564,-0.547146,-0.5996618,-0.64533454,-0.6850167,-0.71482456,-0.7393399,-0.7575598,-0.7736102,-0.787108,-0.7967786,-0.804349,-0.8107307,-0.8157407,-0.81957775,-0.8226835,-0.82509506,-0.82679075,-0.8287093,-0.83213437,-0.8333931,-0.8323316,-0.83295053,-0.8343036,-0.8347536,-0.83513063,-0.83568865,-0.83652204,-0.8368114,-0.83769625,-0.83782554,-0.8378595,-0.8384068,-0.8388975,-0.8390203,-0.840152,-0.8404733,-0.8409131,-0.84156364,-0.84177136,-0.8416859,-0.84203464,-0.84197384,-0.8421261,-0.8428806,-0.8428619,-0.84255236,-0.84248376,-0.8430151,-0.8438801,-0.843474,-0.84443194,-0.8444834,-0.84431416,-0.8449027,-0.8457532,-0.84616464,-0.84561557,-0.8460123,-0.8457594,-0.8465282,-0.845867,-0.84606487,-0.847336,-0.8481862,-0.8480363,-0.8474536,-0.8468894,-0.84934247,-0.8483555,-0.8475444,-0.8485415,-0.8480179,-0.8479091,-0.8460845,-0.8487721,-0.852851,-0.8502908,-0.85131156,-0.8519783,-0.84843653,-0.850819,-0.84972984,-0.85110384,-0.84648055,-0.8454675,-0.8417642,-0.84442943,-0.84039694,-0.8427941,-0.84198403,-0.8422924,-0.844673,-0.84426904,-0.8410129,-0.8420371,-0.8418152,-0.84802216,-0.847657,-0.75962687
434.87,-0.4818227,-0.34938362,-0.26900062,-0.20831858,-0.16004898,-0.120608024,-0.09694245,-0.082509406,-0.07078271,-0.05974782,-0.0579434,-0.0576559,-0.02529045,0.0,0.013743165,0.030738318,0.042306557,0.053434417,0.06402177,0.067497365,0.072925344,0.07724597,0.08528166,0.082604386,0.086490475,0.08850043,0.091570824,0.097314656,0.101324596,0.100545354,0.095680736,0.09503772,0.098495975,0.10007905,0.09620484,0.08665853,0.0756728,0.066335574,0.0538204,0.03303858,0.008875345,-0.020668501,-0.04261429,-0.06737826,-0.09152584,-0.11172163,-0.12369056,-0.1332769,-0.13948445,-0.14482543,-0.14753515,-0.1514052,-0.15370773,-0.15770096,-0.15923278,-0.16002375,-0.15601926,-0.15002276,-0.1419456,-0.13125302,-0.11919909,-0.10920016,-0.10006897,-0.09271829,-0.08807238,-0.09040335,-0.09010193,-0.08870844,-0.088759705,-0.09141266,-0.09280895,-0.09393062,-0.08960618,-0.08969841,-0.08653351,-0.08422779,-0.0811693,-0.08394836,-0.09083042,-0.09533054,-0.095609196,-0.093197696,-0.08330086,-0.07101249,-0.05761575,-0.05070033,-0.04302055,-0.039575018,-0.035417233,-0.024408909,-0.011729741,-0.0005949123,0.009151259,0.007742658,0.0015368807,-0.0030273627,-0.013645326,-0.03028424,-0.07263028,-0.12354623,-0.18005434,-0.25912818,-0.34213182,-0.42749515,-0.50318074,-0.5643193,-0.615296,-0.6595159,-0.69785357,-0.72659993,-0.75022346,-0.7677602,-0.7831943,-0.79616416,-0.8054545,-0.81272185,-0.81884724,-0.82365566,-0.8273382,-0.8303155,-0.8326301,-0.834256,-0.836096,-0.8393785,-0.84058374,-0.83956647,-0.84016263,-0.8414611,-0.8418938,-0.842255,-0.84278995,-0.84359086,-0.8438672,-0.8447174,-0.84483874,-0.8448712,-0.84539825,-0.8458693,-0.84598625,-0.8470717,-0.8473792,-0.84780043,-0.848425,-0.848626,-0.84854364,-0.84887666,-0.84882075,-0.84896696,-0.8496895,-0.849674,-0.8493746,-0.84930944,-0.8498184,-0.85065186,-0.8502589,-0.85117817,-0.85122913,-0.8510646,-0.8516303,-0.8524429,-0.85283947,-0.85231423,-0.852695,-0.85245115,-0.8531876,-0.8525535,-0.85274374,-0.8539615,-0.8547715,-0.8546264,-0.8540726,-0.85353065,-0.85587823,-0.8549352,-0.85415596,-0.8551129,-0.8546165,-0.8545129,-0.8527573,-0.8553222,-0.8592066,-0.85675347,-0.85774136,-0.8583788,-0.8549755,-0.85726446,-0.85623384,-0.85754466,-0.853117,-0.8521522,-0.84860134,-0.85116786,-0.8473015,-0.8495966,-0.84881794,-0.8491133,-0.85139614,-0.85100645,-0.8478897,-0.848863,-0.84864485,-0.8546054,-0.85424805,-0.7695615
437.76,-0.49174643,-0.36100498,-0.28141877,-0.22123206,-0.17326613,-0.13403545,-0.11047571,-0.096091434,-0.08440977,-0.07340238,-0.07160529,-0.07131925,-0.039013047,-0.013743165,0.0,0.017006587,0.028588504,0.039732926,0.050343733,0.0538321,0.059270926,0.06360811,0.07166566,0.068980336,0.072880045,0.07489937,0.07797997,0.083749115,0.08777051,0.08699032,0.082106285,0.08146145,0.08493397,0.08652631,0.08263531,0.07305655,0.0620411,0.05268519,0.040153034,0.019354602,-0.004803249,-0.034309186,-0.056191552,-0.08086799,-0.10490752,-0.1249975,-0.1368907,-0.14641003,-0.15257543,-0.15788098,-0.16057111,-0.16441247,-0.16669974,-0.1706706,-0.17219816,-0.17299798,-0.16903068,-0.16308393,-0.15507114,-0.14445598,-0.1324785,-0.12254352,-0.113461845,-0.10615261,-0.10153678,-0.10387312,-0.103584126,-0.10220179,-0.10226098,-0.10491338,-0.10631011,-0.10743564,-0.10313207,-0.10323191,-0.10008144,-0.0977863,-0.09473649,-0.09751113,-0.104377046,-0.10886124,-0.109139815,-0.106734656,-0.09687171,-0.084615186,-0.0712503,-0.06435146,-0.0566853,-0.053246573,-0.049094945,-0.038098674,-0.025429914,-0.014301841,-0.004556783,-0.0059692846,-0.012177949,-0.016742975,-0.027358895,-0.04398481,-0.086250335,-0.136991,-0.19320934,-0.27173573,-0.35399812,-0.43841472,-0.51308215,-0.57329667,-0.6234226,-0.6668448,-0.7044533,-0.7326321,-0.75577134,-0.7729449,-0.78805053,-0.80073935,-0.8098273,-0.81693774,-0.82292986,-0.82763493,-0.8312364,-0.8341494,-0.8364138,-0.8380052,-0.8398089,-0.84301925,-0.8441976,-0.8432042,-0.84379095,-0.8450636,-0.84548646,-0.84584075,-0.84636533,-0.8471494,-0.8474194,-0.84825236,-0.8483719,-0.8484046,-0.8489201,-0.84938264,-0.8494987,-0.850558,-0.85086304,-0.851274,-0.85188603,-0.85208106,-0.8520019,-0.8523298,-0.85227597,-0.8524177,-0.85312617,-0.85311115,-0.8528189,-0.8527533,-0.8532547,-0.8540676,-0.8536829,-0.85458267,-0.85463357,-0.85447407,-0.8550242,-0.8558215,-0.85621107,-0.8556978,-0.85606873,-0.85582954,-0.8565492,-0.85593045,-0.85611856,-0.8573116,-0.85810345,-0.85795885,-0.8574167,-0.85688937,-0.8591819,-0.858262,-0.85750145,-0.8584319,-0.85795176,-0.8578528,-0.85612947,-0.8586314,-0.86241865,-0.8600078,-0.8609892,-0.8616174,-0.8582784,-0.8605301,-0.8595166,-0.8607993,-0.85647565,-0.85553753,-0.8520578,-0.85457647,-0.8508058,-0.8530429,-0.85228336,-0.8525683,-0.8548008,-0.8544188,-0.85137194,-0.852324,-0.8521051,-0.85793567,-0.85758513,-0.7746348
440.66,-0.5039469,-0.37523562,-0.29666984,-0.23709452,-0.18953432,-0.15056914,-0.12715109,-0.11284662,-0.10121401,-0.090252385,-0.08846576,-0.08818235,-0.055969857,-0.030738318,-0.017006587,0.0,0.011590393,0.02274801,0.03337672,0.036875308,0.042328816,0.046675984,0.054760795,0.05206631,0.05597732,0.05800537,0.061095364,0.06688642,0.070925355,0.07014143,0.065239735,0.064592645,0.068079025,0.0696811,0.06577774,0.0561701,0.045125924,0.035754092,0.02320906,0.0024021938,-0.02173752,-0.05118618,-0.07298576,-0.09754459,-0.12144731,-0.1414058,-0.15319987,-0.16263875,-0.16875021,-0.17401215,-0.17667553,-0.1804847,-0.18274997,-0.18669097,-0.18821438,-0.18901707,-0.18509482,-0.17920999,-0.17127983,-0.16075557,-0.14887957,-0.1390198,-0.13000533,-0.122745246,-0.118165985,-0.12050793,-0.12023146,-0.11886265,-0.1189297,-0.12157964,-0.122978896,-0.124105856,-0.119830206,-0.11993636,-0.11680517,-0.11452574,-0.11149057,-0.11426099,-0.121099606,-0.12556762,-0.1258452,-0.12345201,-0.11363075,-0.10142165,-0.08809978,-0.081223466,-0.07357653,-0.07014613,-0.0660043,-0.055028696,-0.04237904,-0.031263445,-0.021524506,-0.022941558,-0.029149275,-0.033711556,-0.04431846,-0.06091645,-0.10306861,-0.15357476,-0.20942332,-0.28727102,-0.36859998,-0.4518166,-0.5252325,-0.5843051,-0.6333852,-0.67583174,-0.71254295,-0.7400285,-0.7625845,-0.7793131,-0.79402214,-0.80637544,-0.815217,-0.8221356,-0.8279626,-0.83254063,-0.8360461,-0.83888006,-0.8410836,-0.8426319,-0.84438854,-0.8475109,-0.84865963,-0.8476954,-0.8482693,-0.8495073,-0.84992075,-0.8502638,-0.850776,-0.8515395,-0.85180265,-0.8526141,-0.8527292,-0.8527625,-0.8532655,-0.8537153,-0.85382915,-0.8548591,-0.85515594,-0.85555685,-0.856153,-0.8563429,-0.8562669,-0.8565858,-0.85653466,-0.8566727,-0.85736203,-0.85734946,-0.857063,-0.85699904,-0.85748875,-0.8582772,-0.85790443,-0.85877836,-0.8588294,-0.8586735,-0.85920984,-0.8599885,-0.86036277,-0.8598651,-0.8602269,-0.8599918,-0.86069286,-0.8600945,-0.8602741,-0.8614353,-0.8622061,-0.8620629,-0.86153674,-0.8610226,-0.8632499,-0.86236,-0.86161506,-0.8625231,-0.8620617,-0.8619615,-0.8602817,-0.86270726,-0.8663763,-0.8640402,-0.865,-0.8656012,-0.862362,-0.8645358,-0.86355776,-0.8648093,-0.86060923,-0.85969865,-0.8563182,-0.85878456,-0.85510665,-0.8572761,-0.8565311,-0.8568219,-0.85899013,-0.8586193,-0.85565,-0.85657537,-0.8563581,-0.86202943,-0.8616897,-0.78088945
