,397.32,400.20,403.09,405.97,408.85,411.74,414.63,417.52,420.40,423.29,426.19,429.08,431.97,434.87,437.76,440.66,443.56,446.45,449.35,452.25,455.16,458.06,460.96,463.87,466.77,469.68,472.59,475.50,478.41,481.32,484.23,487.14,490.06,492.97,495.89,498.80,501.72,504.64,507.56,510.48,513.40,516.33,519.25,522.18,525.10,528.03,530.96,533.89,536.82,539.75,542.68,545.62,548.55,551.49,554.43,557.36,560.30,563.24,566.18,569.12,572.07,575.01,577.96,580.90,583.85,586.80,589.75,592.70,595.65,598.60,601.55,604.51,607.46,610.42,613.38,616.34,619.30,622.26,625.22,628.18,631.15,634.11,637.08,640.04,643.01,645.98,648.95,651.92,654.89,657.87,660.84,663.81,666.79,669.77,672.75,675.73,678.71,681.69,684.67,687.65,690.64,693.62,696.61,699.60,702.58,705.57,708.57,711.56,714.55,717.54,720.54,723.53,726.53,729.53,732.53,735.53,738.53,741.53,744.53,747.54,750.54,753.55,756.56,759.56,762.57,765.58,768.60,771.61,774.62,777.64,780.65,783.67,786.68,789.70,792.72,795.74,798.77,801.79,804.81,807.84,810.86,813.89,816.92,819.95,822.98,826.01,829.04,832.07,835.11,838.14,841.18,844.22,847.25,850.29,853.33,856.37,859.42,862.46,865.50,868.55,871.60,874.64,877.69,880.74,883.79,886.84,889.90,892.95,896.01,899.06,902.12,905.18,908.24,911.30,914.36,917.42,920.48,923.55,926.61,929.68,932.74,935.81,938.88,941.95,945.02,948.10,951.17,954.24,957.32,960.40,963.47,966.55,969.63,972.71,975.79,978.88,981.96,985.05,988.13,991.22,994.31,997.40,1000.49,1003.58
397.32,0.0,0.15955865,0.24381775,0.30570763,0.35776645,0.39028448,0.41275147,0.43193424,0.4316591,0.44622684,0.4485521,0.44968623,0.472093,0.49264723,0.5008933,0.5120961,0.5251736,0.53367794,0.54184335,0.5456551,0.5492555,0.5531367,0.5558692,0.5591819,0.5577068,0.56032175,0.56449336,0.5659463,0.56732005,0.5696426,0.56739247,0.5660488,0.5696278,0.56885654,0.57022697,0.56125784,0.55662113,0.55055153,0.5428551,0.52930397,0.51215535,0.49057934,0.4699433,0.45144844,0.43205714,0.4133181,0.4026331,0.3928248,0.38802364,0.38281348,0.38015524,0.37713528,0.37473994,0.37076712,0.36980134,0.36950976,0.3741885,0.37986284,0.389343,0.39709598,0.4077593,0.41611767,0.42517632,0.43103606,0.43569326,0.43207103,0.43195134,0.43265152,0.4324828,0.42856923,0.42761496,0.42829165,0.42700556,0.42903003,0.43198237,0.431979,0.43386835,0.43460292,0.42899507,0.42413437,0.4248508,0.42648292,0.43433085,0.4409875,0.45150816,0.4586997,0.46304187,0.4651865,0.4640786,0.4725529,0.48430654,0.4893052,0.49431345,0.49541742,0.49191633,0.48464477,0.47518888,0.46086857,0.43177152,0.38536277,0.33994803,0.26573145,0.18545334,0.089518204,-0.0047333683,-0.08510056,-0.16037509,-0.23021184,-0.29365227,-0.3474561,-0.3927953,-0.42708847,-0.459309,-0.48588413,-0.5059974,-0.52221066,-0.5348107,-0.54657567,-0.55389255,-0.56145567,-0.5669938,-0.57271796,-0.57525206,-0.5825171,-0.58799136,-0.5876536,-0.58743596,-0.58944684,-0.5898805,-0.59160566,-0.59199214,-0.59353423,-0.59396076,-0.5959799,-0.5966392,-0.5975281,-0.597941,-0.5997681,-0.5997529,-0.6009408,-0.601941,-0.60274243,-0.60398304,-0.60604423,-0.60575914,-0.6067369,-0.6072354,-0.61035866,-0.60913664,-0.60851693,-0.6095078,-0.6101373,-0.61129415,-0.6104607,-0.61109746,-0.61224604,-0.6106905,-0.6130394,-0.6110356,-0.61576205,-0.61546355,-0.6143375,-0.6174619,-0.61672664,-0.61530083,-0.61872363,-0.6176506,-0.6177478,-0.6182619,-0.6201308,-0.623901,-0.621833,-0.6240259,-0.62263346,-0.6178155,-0.6156017,-0.6212624,-0.6209833,-0.6171583,-0.61689717,-0.62964565,-0.64031845,-0.62150943,-0.62938106,-0.62997264,-0.6326494,-0.63102514,-0.61031663,-0.6167515,-0.6075905,-0.60638237,-0.6164949,-0.5988483,-0.6122388,-0.6168556,-0.6175999,-0.6050578,-0.62073123,-0.616356,-0.62265503,-0.61394835,-0.6188649,-0.6279427,-0.46735248
400.20,-0.15955865,0.0,0.087929085,0.15417014,0.21104638,0.24727201,0.272386,0.29408327,0.29365185,0.31024,0.31279576,0.31416565,0.33986723,0.36367768,0.37327307,0.386351,0.40168118,0.41164297,0.421332,0.42581216,0.43004462,0.43466654,0.43785903,0.44184092,0.44003072,0.44313625,0.44814435,0.44984558,0.4514513,0.45430845,0.4514991,0.44994882,0.4541726,0.45326197,0.4548635,0.44417384,0.43863708,0.43149897,0.4224609,0.40663034,0.38663214,0.36176094,0.33831683,0.31755355,0.2958794,0.27513236,0.26343983,0.25267085,0.24751161,0.24180299,0.23892063,0.23567523,0.23309904,0.22877839,0.22770333,0.22728202,0.23237032,0.2385115,0.24879532,0.25717455,0.26885474,0.2780223,0.28803447,0.2945244,0.2996285,0.29531562,0.2950942,0.29583174,0.29560643,0.29111022,0.28996477,0.290717,0.2891231,0.29134816,0.29460207,0.29451773,0.29662555,0.2974194,0.29100415,0.28549886,0.28631958,0.28812605,0.2969919,0.30444214,0.31638873,0.3245047,0.32946047,0.33188614,0.33057505,0.34028202,0.3538455,0.35960034,0.3653619,0.3667088,0.36262763,0.35419747,0.34336293,0.3269286,0.2937315,0.24175581,0.19187757,0.11201476,0.02799125,-0.06960889,-0.16256648,-0.23963498,-0.31010917,-0.37408823,-0.4311309,-0.47853947,-0.51787007,-0.5472592,-0.57463723,-0.5970223,-0.6138708,-0.6273786,-0.6378364,-0.6475856,-0.65364885,-0.6599082,-0.6645038,-0.66924214,-0.67135626,-0.67737526,-0.68191165,-0.681642,-0.681472,-0.6831348,-0.6835086,-0.68494236,-0.6852734,-0.6865387,-0.6868956,-0.68855584,-0.68911314,-0.68985033,-0.69019395,-0.6916857,-0.6916763,-0.69265306,-0.69347054,-0.69413227,-0.69515073,-0.69683164,-0.6965981,-0.6974039,-0.69780964,-0.700351,-0.6993673,-0.69886196,-0.6996716,-0.7001886,-0.7011261,-0.700461,-0.7009843,-0.70191467,-0.7006407,-0.7025529,-0.7009332,-0.70476824,-0.7045334,-0.7036156,-0.70615673,-0.7055618,-0.7044115,-0.7071907,-0.7063246,-0.70639753,-0.7068203,-0.7083377,-0.71138877,-0.7097195,-0.7114852,-0.710362,-0.70646006,-0.7046945,-0.7092655,-0.70903605,-0.70594037,-0.70571387,-0.7159717,-0.72458625,-0.7094388,-0.7158146,-0.71630853,-0.71850234,-0.7172031,-0.7004606,-0.7056716,-0.69824094,-0.6972688,-0.7055074,-0.69120413,-0.70203066,-0.7058113,-0.706397,-0.69626,-0.7089523,-0.70539165,-0.7104779,-0.7033859,-0.7073532,-0.7146758,-0.5822749
403.09,-0.24381775,-0.087929085,0.0,0.06720587,0.12560838,0.16314386,0.18939619,0.21209852,0.21163778,0.2290836,0.23174791,0.23322025,0.260381,0.2856553,0.29589775,0.3099099,0.3263515,0.33702973,0.3474917,0.35234758,0.3568866,0.3618398,0.36534023,0.36966386,0.3676665,0.37100405,0.3764075,0.37829763,0.38002506,0.38314807,0.3800328,0.378429,0.38298845,0.38200095,0.38372305,0.37214586,0.36615777,0.3584735,0.34880424,0.33185157,0.31054246,0.28415322,0.25949022,0.23777752,0.21522427,0.19371861,0.18169348,0.17059626,0.16533865,0.1594706,0.1565178,0.1532042,0.15059225,0.14614312,0.14503078,0.14452891,0.1497452,0.15602295,0.16654098,0.17509449,0.1871235,0.19656356,0.20694178,0.21364474,0.21888863,0.21425855,0.21398716,0.21469729,0.21445984,0.20969361,0.20845619,0.20922281,0.20746781,0.20973697,0.21310166,0.21297538,0.21516812,0.2159777,0.2091999,0.2034526,0.20427777,0.20618042,0.2154252,0.22320433,0.23576951,0.24430142,0.24951698,0.25205305,0.25065857,0.26092032,0.27529117,0.28139448,0.28752458,0.28894073,0.284627,0.27565023,0.26419297,0.24683534,0.21182549,0.15763536,0.10625429,0.024870405,-0.059424903,-0.15581691,-0.24607964,-0.31981438,-0.38642076,-0.44620278,-0.49899557,-0.5424495,-0.57822376,-0.6048017,-0.6294639,-0.64953935,-0.6646174,-0.6766743,-0.6859934,-0.69467,-0.70007277,-0.7056492,-0.7097403,-0.71395886,-0.71584475,-0.7212083,-0.725256,-0.7250218,-0.72487104,-0.7263462,-0.72668976,-0.72796583,-0.72827035,-0.729396,-0.72971344,-0.73118323,-0.731686,-0.7323477,-0.7326485,-0.73397523,-0.733971,-0.7348381,-0.7355538,-0.7361392,-0.7370462,-0.7385352,-0.738323,-0.73903906,-0.739399,-0.74165535,-0.74078584,-0.74032843,-0.7410495,-0.7415129,-0.7423392,-0.741745,-0.7422163,-0.7430401,-0.74190176,-0.7435957,-0.7421777,-0.74556017,-0.745351,-0.74455166,-0.7467815,-0.7462624,-0.74525243,-0.747703,-0.74693435,-0.7469976,-0.7473555,-0.74870944,-0.75140715,-0.7499326,-0.751495,-0.7504962,-0.7470592,-0.74552137,-0.74954927,-0.7493419,-0.7465944,-0.7463903,-0.7553981,-0.7629567,-0.749663,-0.7552658,-0.75571966,-0.75765747,-0.7565294,-0.74179137,-0.74635947,-0.73982435,-0.7389912,-0.74627763,-0.73369396,-0.7431949,-0.74650955,-0.7470315,-0.73811656,-0.74931544,-0.74615884,-0.75065285,-0.7443894,-0.7478613,-0.75431395,-0.6366394
405.97,-0.30570763,-0.15417014,-0.06720587,0.0,0.05894908,0.09709832,0.1239178,0.14719379,0.14670263,0.16463716,0.16734707,0.16890429,0.19694053,0.22314571,0.23377773,0.24839021,0.26554367,0.27668297,0.28764468,0.29273483,0.297502,0.30270177,0.3063728,0.3109077,0.30877662,0.3123039,0.317988,0.31998244,0.32180017,0.32511434,0.32180467,0.3201268,0.32492182,0.32387492,0.32567427,0.3135123,0.30720353,0.29919654,0.28909618,0.2714437,0.24929689,0.22198594,0.19662845,0.1744161,0.15137668,0.12952824,0.11736054,0.10611876,0.10084284,0.094903484,0.09193456,0.0886016,0.08598137,0.081479765,0.08035395,0.07979691,0.08505414,0.09136425,0.101974376,0.11056798,0.122734755,0.1322874,0.14281869,0.14961593,0.1549161,0.15006112,0.14972776,0.1504232,0.15015066,0.14523192,0.1439288,0.14468965,0.14284281,0.14513752,0.14855547,0.14838602,0.15060267,0.15142448,0.14445838,0.13854365,0.13941361,0.1413477,0.1508195,0.15876567,0.17167078,0.18042618,0.18580161,0.18840821,0.18694973,0.1975511,0.21240787,0.21871099,0.22507736,0.22654729,0.22204775,0.21275394,0.20089254,0.18300778,0.1470016,0.0916808,0.039658114,-0.042003825,-0.12562247,-0.2201181,-0.3075133,-0.37815332,-0.44138473,-0.49770534,-0.5471118,-0.58748925,-0.6205746,-0.6450529,-0.66770476,-0.68609303,-0.6998783,-0.7108828,-0.7193766,-0.72728217,-0.73219585,-0.7372777,-0.7410012,-0.74483746,-0.7465456,-0.75142413,-0.7550956,-0.75488126,-0.7547551,-0.7560905,-0.75641423,-0.7575679,-0.7578441,-0.7588681,-0.75915676,-0.760489,-0.76094437,-0.7615509,-0.7618301,-0.76302636,-0.7630237,-0.763809,-0.7644534,-0.7649814,-0.7658108,-0.76715344,-0.7669556,-0.76761603,-0.76793945,-0.769975,-0.7691951,-0.76878154,-0.76942676,-0.769849,-0.77059466,-0.77005494,-0.7704845,-0.77123445,-0.7702005,-0.7717306,-0.7704544,-0.77351403,-0.7733181,-0.77259225,-0.77461946,-0.7741417,-0.7732272,-0.77544785,-0.7747522,-0.7748121,-0.77513456,-0.7763482,-0.7787856,-0.777455,-0.77885854,-0.77796423,-0.7748592,-0.77347255,-0.77710205,-0.7769176,-0.77443665,-0.7742351,-0.78233,-0.789181,-0.7771834,-0.78223395,-0.7826102,-0.7844044,-0.7833621,-0.77004606,-0.7741877,-0.7682707,-0.7675092,-0.77412516,-0.762736,-0.7713459,-0.7743426,-0.77480274,-0.76676023,-0.7768759,-0.7740061,-0.7780782,-0.7724221,-0.7755191,-0.7813925,-0.67433155
408.85,-0.35776645,-0.21104638,-0.12560838,-0.05894908,0.0,0.03841113,0.06552857,0.08912059,0.08861381,0.10687514,0.10962323,0.11126368,0.13986664,0.16670242,0.17766224,0.19271597,0.21039754,0.22192451,0.23330177,0.23857564,0.24351844,0.24892148,0.25273463,0.25750473,0.25522664,0.25891504,0.2648261,0.266907,0.2687878,0.2722689,0.2687728,0.2670515,0.27201834,0.27095598,0.2728257,0.2601654,0.25362325,0.2453314,0.23488303,0.21668231,0.1939092,0.16592486,0.14011043,0.11760484,0.094325565,0.07230746,0.060110334,0.04883865,0.04358789,0.03763224,0.034672473,0.031349383,0.028749084,0.02423598,0.023100317,0.022494659,0.027753057,0.03404127,0.044643108,0.053193264,0.06539873,0.07497836,0.085588455,0.09243431,0.097749785,0.09273409,0.092360325,0.09303954,0.09274657,0.087712504,0.08637083,0.08712705,0.08520303,0.087492324,0.09094147,0.09073687,0.09297142,0.09378875,0.08669677,0.08069392,0.08157513,0.0835386,0.0931283,0.10117703,0.11431909,0.123224474,0.12870492,0.13136873,0.12984161,0.14068483,0.15589447,0.16234206,0.16887477,0.17038864,0.16579117,0.15624718,0.14409636,0.12581684,0.089142084,0.033201754,-0.019000806,-0.10030477,-0.18272333,-0.27490246,-0.35925445,-0.4268254,-0.48684472,-0.53992766,-0.5862339,-0.62387383,-0.65459734,-0.67723674,-0.6981461,-0.7150872,-0.7277661,-0.73787594,-0.7456672,-0.75292134,-0.7574295,-0.76209015,-0.76550865,-0.7690303,-0.77060556,-0.77508354,-0.77845204,-0.77825844,-0.7781447,-0.77937436,-0.7796702,-0.7807338,-0.7809848,-0.78192735,-0.7821985,-0.78341556,-0.7838399,-0.78440166,-0.78464997,-0.78574204,-0.78574336,-0.7864634,-0.7870518,-0.7875322,-0.7882948,-0.78952146,-0.7893396,-0.78994703,-0.79024804,-0.7921065,-0.7913944,-0.7910165,-0.79160666,-0.79199463,-0.792673,-0.79218686,-0.7925805,-0.79326266,-0.7923078,-0.7937164,-0.79254365,-0.79534084,-0.7951715,-0.7945044,-0.79635257,-0.795927,-0.795081,-0.797116,-0.79647756,-0.79653376,-0.79682136,-0.7979301,-0.8001655,-0.79894537,-0.8002338,-0.79941344,-0.7965687,-0.79530555,-0.79863095,-0.7984449,-0.79617923,-0.79596704,-0.8033363,-0.80960155,-0.7986482,-0.80326706,-0.80362725,-0.80527425,-0.8043533,-0.7921949,-0.79596084,-0.7905611,-0.78984565,-0.79594046,-0.7855347,-0.79337585,-0.7961291,-0.7965527,-0.7891952,-0.7984599,-0.7958383,-0.79956514,-0.79435873,-0.79718465,-0.8025105,-0.704267
411.74,-0.39028448,-0.24727201,-0.16314386,-0.09709832,-0.03841113,0.0,0.027200155,0.050910722,0.050403237,0.06878714,0.071568176,0.07323077,0.10212248,0.12928148,0.14040323,0.1557056,0.17368692,0.1854159,0.19704518,0.2024191,0.20744698,0.21297383,0.21688327,0.22176458,0.2194394,0.2232031,0.22926544,0.23138003,0.23331441,0.23689882,0.23329994,0.23156525,0.23663875,0.23553714,0.23745379,0.22451657,0.2178213,0.20938152,0.19876882,0.18026328,0.1571397,0.12882,0.102799326,0.08018097,0.056819692,0.03477454,0.022607204,0.011351036,0.0061330884,0.00019306372,-0.002751222,-0.006060658,-0.008641529,-0.013147445,-0.014282532,-0.014921958,-0.009681814,-0.0034339828,0.0071222153,0.015621956,0.027807316,0.037366528,0.04798377,0.05483105,0.060133882,0.055030376,0.05462871,0.0552979,0.054992158,0.04990633,0.04853835,0.04928187,0.04731613,0.04959781,0.05305106,0.052820135,0.055060245,0.055869453,0.048723675,0.042691484,0.04357435,0.04553977,0.055188216,0.06327314,0.076511234,0.08548479,0.09101324,0.093690895,0.09215622,0.103108965,0.11849429,0.12501177,0.13162185,0.1331529,0.12849647,0.11882404,0.10654622,0.088079214,0.05110643,-0.005023902,-0.057144184,-0.13790807,-0.21927099,-0.30967435,-0.39182013,-0.45726305,-0.51512104,-0.5660824,-0.61038136,-0.6462691,-0.6754775,-0.6969757,-0.7167962,-0.73282844,-0.74482316,-0.75437737,-0.761735,-0.76858765,-0.77284116,-0.7772454,-0.78047174,-0.7837954,-0.7852857,-0.78950906,-0.79268885,-0.7925068,-0.79240024,-0.793561,-0.793842,-0.79484844,-0.7950862,-0.79597193,-0.7962285,-0.7973769,-0.7977794,-0.7983098,-0.79854363,-0.7995762,-0.7995764,-0.80025655,-0.8008044,-0.8012574,-0.8019767,-0.8031312,-0.8029643,-0.8035353,-0.8038136,-0.8055692,-0.80489826,-0.80454266,-0.80509746,-0.80546254,-0.80610615,-0.8056429,-0.80601615,-0.80666196,-0.8057653,-0.8070864,-0.80598485,-0.8086139,-0.8084572,-0.8078268,-0.80956674,-0.8091641,-0.8083746,-0.81028754,-0.8096892,-0.8097287,-0.8100054,-0.8110457,-0.8131517,-0.81200415,-0.8132176,-0.8124487,-0.8097671,-0.8085893,-0.8117165,-0.811536,-0.8094017,-0.8091715,-0.8160847,-0.8220025,-0.8116874,-0.81604826,-0.81637526,-0.81795037,-0.817084,-0.80561966,-0.80917007,-0.80407625,-0.8034162,-0.8091644,-0.7993891,-0.80675507,-0.80935144,-0.8097406,-0.80283403,-0.81154126,-0.8090754,-0.81256926,-0.807664,-0.8103224,-0.8153563,-0.7225105
414.63,-0.41275147,-0.272386,-0.18939619,-0.1239178,-0.06552857,-0.027200155,0.0,0.023751594,0.023241086,0.041688416,0.044477228,0.04615523,0.075185336,0.102540344,0.113744244,0.12918217,0.14734606,0.15923536,0.17098388,0.17643791,0.18154497,0.18713814,0.19110678,0.19607724,0.1936905,0.19752263,0.2036684,0.20583062,0.20778921,0.2114437,0.20776704,0.20603451,0.21117193,0.2100541,0.21200408,0.19888544,0.19210249,0.18357247,0.17284314,0.1541585,0.13086334,0.10234347,0.076228894,0.053570442,0.03019597,0.008172021,-0.0039552758,-0.015182474,-0.020369153,-0.026289163,-0.029216094,-0.032509126,-0.03507228,-0.039563194,-0.040699594,-0.041359793,-0.036144204,-0.029930947,-0.019422175,-0.010979103,0.0011709961,0.010699084,0.021302456,0.02813607,0.03342154,0.028267518,0.027842613,0.028498547,0.028183687,0.023062736,0.021682987,0.02241597,0.020423472,0.022690574,0.026141947,0.025896817,0.028131757,0.028937731,0.021765448,0.015714828,0.01660256,0.018572006,0.028227666,0.03632816,0.04961446,0.058617637,0.06416879,0.066852875,0.06529785,0.07631723,0.09178697,0.09834225,0.10501126,0.10655181,0.1018583,0.09211033,0.0797502,0.061201487,0.024089735,-0.03207288,-0.084041305,-0.16428284,-0.24477565,-0.33379605,-0.41433188,-0.4782218,-0.5345308,-0.5839783,-0.62685883,-0.6615093,-0.6896766,-0.71037567,-0.72943926,-0.74484795,-0.75636923,-0.765543,-0.7725989,-0.7791721,-0.78325385,-0.7874761,-0.7905738,-0.79376155,-0.7951876,-0.7992376,-0.80229074,-0.8021164,-0.8020106,-0.80312276,-0.8033949,-0.8043571,-0.8045907,-0.80543864,-0.80568516,-0.80678415,-0.8071668,-0.80767864,-0.8079054,-0.8088917,-0.80889344,-0.8095442,-0.8100666,-0.8104967,-0.81119317,-0.8122978,-0.812132,-0.8126785,-0.812954,-0.8146327,-0.8139872,-0.8136457,-0.8141807,-0.81452763,-0.8151437,-0.81469995,-0.81505716,-0.815681,-0.81481403,-0.81608194,-0.8150221,-0.8175449,-0.8173952,-0.81679595,-0.8184618,-0.8180776,-0.8173141,-0.81915075,-0.81857586,-0.81861275,-0.81887394,-0.8198682,-0.8218865,-0.8207885,-0.82195044,-0.8212167,-0.8186423,-0.8175219,-0.8205136,-0.8203451,-0.8182849,-0.8180616,-0.8246522,-0.83030653,-0.820462,-0.82461905,-0.8249417,-0.82645327,-0.82561123,-0.8146514,-0.8180359,-0.813174,-0.81253165,-0.8180589,-0.8086973,-0.815738,-0.81823844,-0.8186032,-0.8119794,-0.8203397,-0.8179575,-0.8213264,-0.81661314,-0.81914586,-0.82396585,-0.7348352
417.52,-0.43193424,-0.29408327,-0.21209852,-0.14719379,-0.08912059,-0.050910722,-0.023751594,0.0,-0.0005082512,0.017963532,0.020757878,0.022438304,0.051547907,0.07902947,0.090290286,0.10583645,0.12414177,0.1361073,0.14798212,0.1534836,0.15862983,0.16427304,0.16829166,0.17330796,0.17090027,0.17476964,0.18098219,0.1831766,0.18515266,0.18884909,0.18513457,0.18338032,0.18858565,0.18745956,0.18942232,0.17617123,0.16931938,0.16072847,0.14991084,0.1311054,0.10766332,0.079028234,0.05286977,0.030206101,0.006846653,-0.015124936,-0.02719943,-0.038383964,-0.04353302,-0.049430378,-0.052337892,-0.055611808,-0.05815546,-0.062627554,-0.063760184,-0.06443587,-0.059244182,-0.053075172,-0.04262441,-0.034239583,-0.022138126,-0.012648868,-0.0020751671,0.0047383267,0.009999463,0.0048129675,0.0043737013,0.005017493,0.004695374,-0.00044429983,-0.0018304014,-0.0011100576,-0.0031148093,-0.0008634634,0.0025824727,0.002324136,0.004553542,0.0053547933,-0.0018276668,-0.00788101,-0.0069919545,-0.005025495,0.004632126,0.012732977,0.026038455,0.035061304,0.04062688,0.043306537,0.041751202,0.052803364,0.068332,0.074917056,0.081609346,0.08314963,0.07843847,0.068642646,0.056234512,0.037628572,0.0004536807,-0.05565613,-0.10742932,-0.18712516,-0.26676252,-0.354491,-0.4335467,-0.4960452,-0.5509763,-0.5991031,-0.6407556,-0.67434597,-0.7016183,-0.72163236,-0.74005264,-0.7549291,-0.7660483,-0.77489966,-0.78170615,-0.7880433,-0.7919802,-0.79605645,-0.7990384,-0.8021118,-0.8034849,-0.80738974,-0.81033546,-0.8101705,-0.810068,-0.81114036,-0.811405,-0.8123314,-0.8125581,-0.81337684,-0.8136145,-0.81467414,-0.81504214,-0.815539,-0.81575793,-0.81670785,-0.8167075,-0.81733656,-0.81783766,-0.81825346,-0.81891894,-0.8199876,-0.81982964,-0.8203583,-0.82061845,-0.8222383,-0.82161736,-0.82128865,-0.82180464,-0.82214254,-0.82273316,-0.82230216,-0.8226513,-0.8232494,-0.82241285,-0.8236296,-0.822619,-0.82504797,-0.82490265,-0.8243205,-0.8259269,-0.8255579,-0.8248243,-0.826598,-0.8260372,-0.8260766,-0.826324,-0.8272853,-0.8292309,-0.828171,-0.82929075,-0.82857406,-0.8261021,-0.82502407,-0.82790214,-0.8277442,-0.8257619,-0.82551974,-0.8318558,-0.83730894,-0.8278301,-0.8318377,-0.8321446,-0.8336028,-0.83279586,-0.8222444,-0.8254991,-0.82080716,-0.82021123,-0.8255492,-0.8165377,-0.82331485,-0.8257145,-0.8260477,-0.8196765,-0.82773453,-0.8254321,-0.82868546,-0.8241474,-0.82657206,-0.8312117,-0.745233
420.40,-0.4316591,-0.29365185,-0.21163778,-0.14670263,-0.08861381,-0.050403237,-0.023241086,0.0005082512,0.0,0.018472131,0.021270145,0.022951432,0.05206204,0.079535216,0.0908075,0.10635199,0.124654695,0.13660738,0.14848416,0.15399659,0.15914746,0.16479978,0.16880517,0.1738352,0.17142844,0.17529783,0.1815162,0.18370453,0.18568702,0.1893779,0.18566725,0.18392155,0.18912736,0.1880031,0.18996441,0.17672755,0.16987953,0.1612872,0.15048507,0.13167822,0.1082404,0.079602264,0.05343322,0.030759752,0.007387411,-0.014601884,-0.026688112,-0.037882067,-0.04303713,-0.048938166,-0.051851533,-0.055126835,-0.057675686,-0.06215126,-0.063285954,-0.06395968,-0.058766816,-0.052589603,-0.04212741,-0.033735,-0.021624427,-0.012128751,-0.0015475798,0.0052701836,0.01053732,0.0053458945,0.0049038585,0.005549092,0.0052230777,8.2534105e-05,-0.0013065479,-0.00058568246,-0.0025919848,-0.00033975745,0.003104498,0.0028451863,0.005077413,0.0058785486,-0.00130494,-0.007362589,-0.0064741806,-0.004505192,0.005154845,0.013261542,0.026567599,0.035593126,0.04116049,0.043844044,0.04228703,0.05334429,0.06887403,0.07545747,0.08215322,0.08369211,0.07898139,0.06918214,0.05677447,0.03816209,0.00097481214,-0.05515811,-0.10695928,-0.18671235,-0.26640072,-0.3541928,-0.43330052,-0.4958632,-0.5508491,-0.5990221,-0.6407132,-0.6743404,-0.70163506,-0.72167665,-0.74011636,-0.7550079,-0.7661363,-0.77499354,-0.7818083,-0.788151,-0.79208887,-0.7961676,-0.79915226,-0.8022269,-0.8036002,-0.8075058,-0.8104469,-0.81028444,-0.8101828,-0.8112562,-0.8115202,-0.8124481,-0.812673,-0.8134896,-0.8137261,-0.8147866,-0.8151548,-0.8156498,-0.8158701,-0.8168185,-0.81682,-0.8174477,-0.8179508,-0.81836283,-0.81903034,-0.8200966,-0.8199418,-0.820469,-0.82073015,-0.8223484,-0.8217267,-0.8213983,-0.8219144,-0.82224864,-0.82284117,-0.8224108,-0.8227602,-0.8233589,-0.8225182,-0.8237424,-0.82272625,-0.82515323,-0.8250078,-0.82442915,-0.8260341,-0.8256627,-0.82492936,-0.8267014,-0.82614183,-0.82617825,-0.8264303,-0.8273925,-0.8293348,-0.82828003,-0.829393,-0.82868195,-0.82621384,-0.8251282,-0.8280084,-0.82784903,-0.82586324,-0.8256264,-0.8319717,-0.83742976,-0.82793313,-0.8319493,-0.83224255,-0.83369666,-0.83289874,-0.8223234,-0.825593,-0.82090724,-0.8203105,-0.82563484,-0.8166229,-0.82339936,-0.8258114,-0.8261528,-0.81977934,-0.82782173,-0.8255285,-0.82877034,-0.824237,-0.82667285,-0.8313076,-0.74530387
423.29,-0.44622684,-0.31024,-0.2290836,-0.16463716,-0.10687514,-0.06878714,-0.041688416,-0.017963532,-0.018472131,0.0,0.0027990257,0.0044833845,0.03363257,0.061179545,0.07248956,0.08809812,0.10649297,0.11852651,0.13047346,0.13602339,0.14121602,0.14690265,0.1509457,0.15602325,0.15357997,0.15749271,0.16375974,0.16597055,0.16797324,0.17169335,0.1679486,0.1661989,0.17143568,0.17031135,0.17229545,0.15894279,0.15205322,0.1434052,0.13255076,0.11365525,0.09012973,0.06141929,0.035237454,0.012582702,-0.01075013,-0.03267957,-0.044712782,-0.05586084,-0.060983565,-0.06685869,-0.06975066,-0.07301335,-0.075540975,-0.08000091,-0.08113157,-0.081821166,-0.07665156,-0.07051472,-0.06010805,-0.05177047,-0.039710473,-0.030255519,-0.019704508,-0.012908081,-0.007666437,-0.01288184,-0.013334887,-0.012698556,-0.013031462,-0.018186672,-0.01957989,-0.018868376,-0.020887189,-0.018647948,-0.015211815,-0.015481142,-0.01325621,-0.012462725,-0.01964888,-0.025705809,-0.024817115,-0.022853598,-0.013200766,-0.0051001245,0.008212798,0.017242664,0.022815095,0.025495023,0.023934772,0.035010546,0.050574545,0.05717213,0.06388874,0.065432146,0.060702715,0.050874215,0.038439214,0.019794257,-0.017408783,-0.07345393,-0.12506007,-0.20432317,-0.2832936,-0.37004402,-0.44796836,-0.509435,-0.5633454,-0.6104835,-0.6512292,-0.6840333,-0.7106336,-0.73015165,-0.7480927,-0.76258075,-0.7734013,-0.7820091,-0.788632,-0.79479754,-0.798622,-0.8025833,-0.80548364,-0.80847067,-0.8098084,-0.8135989,-0.81645966,-0.81629974,-0.8162054,-0.8172478,-0.8175047,-0.8184025,-0.81862205,-0.81941634,-0.8196484,-0.82067245,-0.8210367,-0.82151467,-0.8217274,-0.82264996,-0.8226501,-0.8232621,-0.82374716,-0.8241466,-0.8247955,-0.8258311,-0.8256821,-0.8261948,-0.8264494,-0.82801723,-0.82742,-0.8270978,-0.82759863,-0.8279201,-0.8284981,-0.8280787,-0.8284189,-0.829003,-0.82818514,-0.8293711,-0.8283867,-0.8307446,-0.8306023,-0.8300383,-0.8315991,-0.8312388,-0.8305279,-0.8322486,-0.8317059,-0.83174115,-0.83198375,-0.8329208,-0.8347988,-0.8337807,-0.8348573,-0.83416724,-0.8317693,-0.83072215,-0.83351815,-0.8333636,-0.8314304,-0.83118355,-0.8373298,-0.84262216,-0.8334174,-0.8373172,-0.83760744,-0.83901834,-0.8382459,-0.8279988,-0.8311537,-0.82661825,-0.8260262,-0.8311946,-0.8224533,-0.82902986,-0.8313611,-0.8316898,-0.82551146,-0.8333439,-0.8310972,-0.8342539,-0.82983375,-0.8322015,-0.83669114,-0.75305575
426.19,-0.4485521,-0.31279576,-0.23174791,-0.16734707,-0.10962323,-0.071568176,-0.044477228,-0.020757878,-0.021270145,-0.0027990257,0.0,0.0016846381,0.03083724,0.05839053,0.06970704,0.085321836,0.103727214,0.11576436,0.12773275,0.13327758,0.13847266,0.14417131,0.14822839,0.15330347,0.15087801,0.15477856,0.16105583,0.16326663,0.16527572,0.16900092,0.16525534,0.16349986,0.16874586,0.16762386,0.16960987,0.15626149,0.14935683,0.14071412,0.12985101,0.11094586,0.08740596,0.058687024,0.03250871,0.009856266,-0.013472933,-0.03539602,-0.0474209,-0.05856735,-0.06368365,-0.069557376,-0.07245008,-0.07570786,-0.07823588,-0.08268992,-0.08382556,-0.08451276,-0.07934799,-0.07321605,-0.06281565,-0.054485597,-0.042431924,-0.032981753,-0.02243668,-0.015642466,-0.010403166,-0.015624496,-0.016083045,-0.015449288,-0.015782127,-0.02094024,-0.0223351,-0.021626545,-0.023650672,-0.021415269,-0.017978253,-0.01825314,-0.016029818,-0.0152361505,-0.022424415,-0.028482785,-0.027592445,-0.025628878,-0.015977735,-0.0078794295,0.0054330947,0.014464598,0.020038625,0.022719905,0.021157471,0.032237925,0.04780691,0.054409407,0.06112491,0.06266837,0.057935115,0.048101332,0.03565753,0.017006634,-0.020207362,-0.076252736,-0.12783356,-0.20702253,-0.28588736,-0.3724813,-0.45022234,-0.5115219,-0.5652672,-0.612258,-0.6528595,-0.6855511,-0.7120512,-0.73148984,-0.74936146,-0.76378673,-0.7745645,-0.7831364,-0.7897319,-0.7958708,-0.7996844,-0.8036315,-0.8065235,-0.80950177,-0.81083745,-0.8146204,-0.8174758,-0.8173163,-0.817218,-0.8182575,-0.8185144,-0.8194119,-0.81963164,-0.82042176,-0.82065177,-0.821679,-0.8220353,-0.8225133,-0.8227267,-0.8236437,-0.8236461,-0.82425845,-0.82474107,-0.8251438,-0.82578737,-0.8268166,-0.8266724,-0.82717645,-0.82743347,-0.8289937,-0.82839465,-0.82807636,-0.8285755,-0.8289022,-0.8294759,-0.82905877,-0.8293962,-0.8299762,-0.82916653,-0.830344,-0.829364,-0.83171123,-0.8315761,-0.8310111,-0.83256036,-0.8322042,-0.83150226,-0.83321196,-0.83267206,-0.8327038,-0.83294964,-0.83388644,-0.8357566,-0.834739,-0.83582264,-0.8351281,-0.8327392,-0.8316982,-0.8344768,-0.83432275,-0.83240557,-0.83217347,-0.8382992,-0.84356415,-0.83439916,-0.83827645,-0.8385698,-0.83997405,-0.8392083,-0.82899964,-0.8321485,-0.82761705,-0.8270423,-0.8321776,-0.8234967,-0.83002067,-0.83235073,-0.8326681,-0.82651436,-0.8342955,-0.83208644,-0.8352171,-0.8308218,-0.83319724,-0.8376611,-0.75443745
429.08,-0.44968623,-0.31416565,-0.23322025,-0.16890429,-0.11126368,-0.07323077,-0.04615523,-0.022438304,-0.022951432,-0.0044833845,-0.0016846381,0.0,0.029155985,0.05671775,0.06804684,0.08367726,0.10208944,0.114143066,0.12612788,0.13168575,0.13689256,0.14259891,0.1466598,0.1517522,0.14931177,0.15322313,0.15950704,0.16173247,0.1637421,0.16747625,0.16372348,0.16196698,0.16722332,0.16610715,0.16808248,0.15470932,0.14780658,0.13914455,0.12827167,0.10934839,0.08579108,0.05705293,0.0308642,0.008209429,-0.015121815,-0.037039183,-0.049060486,-0.06020167,-0.065318406,-0.07118616,-0.074076064,-0.07733591,-0.07985996,-0.08431473,-0.08544794,-0.08613902,-0.08097925,-0.074850924,-0.06445559,-0.056131393,-0.04407866,-0.03463391,-0.0240892,-0.017295515,-0.012057136,-0.017282424,-0.01773963,-0.017108195,-0.01744217,-0.022601241,-0.024000566,-0.023294449,-0.025317302,-0.023084728,-0.019648785,-0.01992591,-0.01770328,-0.016910633,-0.024104228,-0.030163415,-0.029274195,-0.02731213,-0.017660283,-0.009557388,0.00375888,0.012792352,0.018366855,0.021050546,0.019484974,0.030570481,0.046153683,0.052755784,0.059474967,0.06102338,0.056290872,0.04644916,0.03399901,0.015335585,-0.021890618,-0.077940434,-0.12951536,-0.20866089,-0.2874805,-0.37396362,-0.4515941,-0.51280457,-0.56645,-0.6133282,-0.65382683,-0.6864333,-0.7128646,-0.73224515,-0.75006855,-0.7644541,-0.77519584,-0.78374404,-0.79031897,-0.79644305,-0.80024326,-0.80417734,-0.8070605,-0.81003207,-0.8113615,-0.81512505,-0.81797755,-0.8178179,-0.8177234,-0.81875896,-0.81901795,-0.8199119,-0.82013094,-0.8209207,-0.8211483,-0.8221677,-0.82252777,-0.8230073,-0.8232143,-0.82413065,-0.8241318,-0.8247421,-0.8252233,-0.8256203,-0.8262678,-0.8272923,-0.827151,-0.82765007,-0.82791096,-0.8294614,-0.82886493,-0.82855314,-0.8290479,-0.82937217,-0.8299417,-0.82952595,-0.8298658,-0.8304451,-0.82963514,-0.8308094,-0.8298303,-0.8321711,-0.83203465,-0.831472,-0.83301747,-0.8326652,-0.83195704,-0.83366716,-0.8331285,-0.8331646,-0.8334079,-0.8343364,-0.8361995,-0.8351877,-0.83626276,-0.8355742,-0.83319825,-0.8321522,-0.83492273,-0.8347682,-0.832859,-0.8326165,-0.83871937,-0.84395486,-0.8348229,-0.8386989,-0.83898497,-0.8403862,-0.8396227,-0.829442,-0.83258325,-0.82807934,-0.8274881,-0.8326292,-0.8239713,-0.83047414,-0.8327922,-0.8331285,-0.8269773,-0.83472675,-0.832532,-0.83566,-0.83127755,-0.8336437,-0.8380914,-0.75501424
431.97,-0.472093,-0.33986723,-0.260381,-0.19694053,-0.13986664,-0.10212248,-0.075185336,-0.051547907,-0.05206204,-0.03363257,-0.03083724,-0.029155985,0.0,0.027619543,0.03897918,0.054684587,0.07320564,0.08533763,0.09741083,0.103019334,0.108269416,0.11403454,0.118126914,0.12328169,0.120813936,0.124766245,0.13112998,0.13337326,0.13539875,0.13919233,0.13537884,0.13362923,0.13893712,0.13779452,0.13981052,0.12629583,0.11932966,0.11060856,0.09966863,0.08064492,0.056999613,0.028206058,0.0020460442,-0.020531388,-0.043756228,-0.06554235,-0.07745695,-0.08850879,-0.09356206,-0.09937682,-0.10223313,-0.10545821,-0.10795046,-0.11237134,-0.1134989,-0.11420765,-0.10909528,-0.103042595,-0.09275416,-0.0845328,-0.07258047,-0.06321855,-0.052742317,-0.046002995,-0.040809292,-0.04606334,-0.04654617,-0.04592821,-0.04627666,-0.05144477,-0.052849486,-0.05216054,-0.054198876,-0.05199116,-0.048574474,-0.048870735,-0.046663556,-0.04588011,-0.05305822,-0.05910402,-0.058217373,-0.056263793,-0.046643265,-0.038565177,-0.025265785,-0.016245639,-0.010670912,-0.007995695,-0.009560636,0.0015346993,0.017137123,0.023747273,0.030489452,0.0320328,0.02728482,0.017411277,0.0049410877,-0.013730509,-0.050905928,-0.10670513,-0.15786147,-0.23608977,-0.31361568,-0.39830992,-0.47397962,-0.5334014,-0.5853243,-0.6305835,-0.6695927,-0.7009409,-0.72629905,-0.74488014,-0.76194894,-0.7757193,-0.7859965,-0.7941707,-0.80045474,-0.8063088,-0.80993956,-0.8137029,-0.8164604,-0.81930125,-0.82057506,-0.8241774,-0.8269022,-0.8267509,-0.8266622,-0.827654,-0.8279033,-0.8287575,-0.82896733,-0.82972234,-0.8299422,-0.8309181,-0.83126354,-0.83171797,-0.83191895,-0.8327927,-0.8327923,-0.83337915,-0.8338345,-0.83421224,-0.8348305,-0.83581215,-0.83567435,-0.8361532,-0.8363986,-0.83788246,-0.8373167,-0.8370147,-0.83748496,-0.8377949,-0.8383425,-0.83794546,-0.8382662,-0.83882445,-0.83804923,-0.8391727,-0.83823216,-0.8404703,-0.8403368,-0.8398079,-0.84127665,-0.8409391,-0.840271,-0.8419009,-0.84138143,-0.841414,-0.84165186,-0.84253746,-0.8443153,-0.84335184,-0.84437823,-0.843719,-0.8414418,-0.8404605,-0.8431054,-0.8429555,-0.841125,-0.84088117,-0.8466859,-0.8517012,-0.8429941,-0.84669125,-0.84697497,-0.8483116,-0.84759206,-0.83787286,-0.8408534,-0.8365434,-0.8359979,-0.8409065,-0.8326487,-0.83885634,-0.841068,-0.841376,-0.83552796,-0.8429251,-0.8408175,-0.84380263,-0.839601,-0.8418577,-0.84610623,-0.76666397
434.87,-0.49264723,-0.36367768,-0.2856553,-0.22314571,-0.16670242,-0.12928148,-0.102540344,-0.07902947,-0.079535216,-0.061179545,-0.05839053,-0.05671775,-0.027619543,0.0,0.01137867,0.027119022,0.04571218,0.057904765,0.07005785,0.07569908,0.080982625,0.0867846,0.09092853,0.09611981,0.09362814,0.097621374,0.10404342,0.10631117,0.10835367,0.11218991,0.10833599,0.10657348,0.11192694,0.11078236,0.112830974,0.099204525,0.09219217,0.083431266,0.07244143,0.053347178,0.029638076,0.00082171074,-0.025284538,-0.04777347,-0.07088494,-0.09252717,-0.10433442,-0.1152942,-0.12029406,-0.12605608,-0.12887782,-0.1320722,-0.13453475,-0.13891532,-0.14003226,-0.14075804,-0.13569719,-0.1297126,-0.11952165,-0.111401156,-0.09955154,-0.09027003,-0.079870164,-0.07317975,-0.06803091,-0.07330323,-0.07380294,-0.07319875,-0.07355314,-0.07872151,-0.0801295,-0.07945364,-0.08150181,-0.07931871,-0.07592298,-0.07622767,-0.07403504,-0.0732616,-0.080417424,-0.086439535,-0.08555606,-0.083615094,-0.074037306,-0.06598781,-0.052723356,-0.04372199,-0.038159188,-0.035495758,-0.037054453,-0.02597049,-0.010369072,-0.0037599076,0.0029843512,0.0045271097,-0.00023075867,-0.010112915,-0.022585917,-0.041237734,-0.0783175,-0.13379657,-0.1845069,-0.26178646,-0.3380731,-0.42102855,-0.49483594,-0.55255926,-0.6028577,-0.64657664,-0.6841938,-0.7143392,-0.73870987,-0.7565381,-0.7729071,-0.7861017,-0.7959426,-0.8037695,-0.8097831,-0.8153849,-0.81886274,-0.8224648,-0.82510436,-0.8278227,-0.82904595,-0.8324927,-0.8351062,-0.83496165,-0.8348749,-0.83582383,-0.83606315,-0.8368801,-0.8370852,-0.8378047,-0.83801746,-0.8389475,-0.8392805,-0.83972013,-0.83991295,-0.84074694,-0.84074503,-0.84130424,-0.8417383,-0.8421015,-0.8426978,-0.84362984,-0.8434978,-0.8439551,-0.8441931,-0.8456124,-0.84507173,-0.8447839,-0.8452343,-0.8455295,-0.8460499,-0.8456713,-0.8459818,-0.8465155,-0.84576845,-0.8468449,-0.84595054,-0.848086,-0.84796387,-0.8474512,-0.8488633,-0.84853816,-0.8478945,-0.8494627,-0.84896374,-0.8489894,-0.84921575,-0.85006374,-0.8517653,-0.85083914,-0.8518159,-0.85119116,-0.8490159,-0.84808093,-0.85060495,-0.8504608,-0.8487056,-0.8484655,-0.85399073,-0.85878146,-0.85047036,-0.85400146,-0.854272,-0.85554993,-0.8548548,-0.84557354,-0.84842825,-0.8443205,-0.8437889,-0.84849715,-0.84061176,-0.8465368,-0.84864944,-0.8489361,-0.84335613,-0.8504325,-0.84839666,-0.85127276,-0.8472435,-0.84939164,-0.8534466,-0.77732545
437.76,-0.5008933,-0.37327307,-0.29589775,-0.23377773,-0.17766224,-0.14040323,-0.113744244,-0.090290286,-0.0908075,-0.07248956,-0.06970704,-0.06804684,-0.03897918,-0.01137867,0.0,0.015749175,0.034358796,0.046565432,0.058745522,0.06439904,0.069697425,0.0755111,0.079670876,0.08488209,0.0823803,0.08638592,0.092825174,0.09509877,0.09715208,0.10100897,0.09712962,0.09537291,0.10074163,0.09959814,0.10164571,0.08798438,0.08095667,0.07217649,0.061180115,0.042061355,0.018344764,-0.010461231,-0.036525104,-0.05895789,-0.082004294,-0.10356838,-0.115324005,-0.12623465,-0.1312053,-0.13694099,-0.13974488,-0.14292353,-0.14537454,-0.14973186,-0.15084691,-0.15157726,-0.14654186,-0.14059515,-0.13045399,-0.12238494,-0.11058465,-0.101350605,-0.09098614,-0.08432513,-0.079202086,-0.0844761,-0.08498331,-0.08439389,-0.08474709,-0.08991587,-0.091325134,-0.09065802,-0.092705876,-0.09053851,-0.0871557,-0.087465286,-0.085280694,-0.08451117,-0.09165596,-0.097664244,-0.0967797,-0.09484775,-0.085293256,-0.07725734,-0.064020194,-0.055030435,-0.049473736,-0.046818182,-0.04837519,-0.037299555,-0.021706674,-0.015101282,-0.00835887,-0.0068195146,-0.011577062,-0.021458996,-0.03392855,-0.05256442,-0.08957635,-0.14489892,-0.19538784,-0.27223542,-0.34795514,-0.43015635,-0.5031464,-0.5601728,-0.60979456,-0.65288556,-0.6899267,-0.71959287,-0.7435644,-0.76109445,-0.7771779,-0.79014313,-0.79981095,-0.8075013,-0.813407,-0.81891125,-0.8223261,-0.825865,-0.82845986,-0.83112997,-0.83233136,-0.83571666,-0.8382854,-0.8381478,-0.8380626,-0.83899564,-0.8392339,-0.8400362,-0.84023845,-0.8409452,-0.8411547,-0.8420681,-0.84239745,-0.8428283,-0.8430165,-0.8438355,-0.8438369,-0.84438634,-0.84481025,-0.8451664,-0.845753,-0.84666765,-0.84653986,-0.84699047,-0.8472279,-0.8486167,-0.8480854,-0.8478038,-0.84824604,-0.8485378,-0.8490478,-0.8486774,-0.8489828,-0.849509,-0.84877276,-0.84982944,-0.84895295,-0.85104614,-0.8509284,-0.8504289,-0.85181284,-0.8514956,-0.85086393,-0.8523985,-0.8519108,-0.85193926,-0.8521579,-0.85298747,-0.8546608,-0.8537583,-0.8547133,-0.854094,-0.85196483,-0.85104555,-0.8535247,-0.8533853,-0.85166067,-0.85141647,-0.85683936,-0.86154777,-0.85337985,-0.8568532,-0.8571139,-0.8583661,-0.8577003,-0.84858954,-0.8513881,-0.8473579,-0.8468343,-0.8514581,-0.84371346,-0.84952056,-0.85160315,-0.85188985,-0.8464069,-0.8533494,-0.8513676,-0.8541779,-0.85021913,-0.8523397,-0.85630643,-0.78151
440.66,-0.5120961,-0.386351,-0.3099099,-0.24839021,-0.19271597,-0.1557056,-0.12918217,-0.10583645,-0.10635199,-0.08809812,-0.085321836,-0.08367726,-0.054684587,-0.027119022,-0.015749175,0.0,0.01862555,0.030844338,0.04305431,0.048720293,0.054030605,0.059867706,0.06403794,0.06926752,0.06675568,0.07077545,0.0772403,0.07952694,0.08158746,0.08545494,0.08156555,0.07980928,0.0851953,0.08404904,0.0861134,0.07240169,0.06535768,0.05656099,0.04554773,0.026410732,0.0026917255,-0.026088925,-0.052089106,-0.07444482,-0.09739064,-0.118849896,-0.13052626,-0.1413704,-0.14629775,-0.15200229,-0.15477866,-0.1579374,-0.16036746,-0.16470142,-0.16580991,-0.16654189,-0.16154194,-0.15564238,-0.14557989,-0.1375739,-0.12584879,-0.11667272,-0.10636966,-0.09974738,-0.0946571,-0.09992882,-0.100448616,-0.09986511,-0.100231156,-0.10538872,-0.10679592,-0.10614216,-0.10818944,-0.10603986,-0.10266688,-0.10299019,-0.10081282,-0.10004862,-0.10716931,-0.11316046,-0.11227446,-0.11034826,-0.10083276,-0.09281892,-0.07961564,-0.07064864,-0.065104775,-0.062455516,-0.06400858,-0.052953247,-0.037378956,-0.03078187,-0.0240503,-0.022507757,-0.027264241,-0.037141953,-0.04959362,-0.06819803,-0.10509537,-0.160164,-0.21035732,-0.28657046,-0.3615115,-0.44265813,-0.51455146,-0.5706136,-0.6193196,-0.6615455,-0.69780225,-0.72681767,-0.7502435,-0.767366,-0.7830671,-0.7957219,-0.8051516,-0.8126521,-0.8184096,-0.82377833,-0.8271047,-0.83055806,-0.83308536,-0.835691,-0.83685875,-0.84015715,-0.8426602,-0.84252834,-0.8424434,-0.843353,-0.8435861,-0.8443662,-0.8445647,-0.84525377,-0.8454566,-0.8463481,-0.84666806,-0.8470895,-0.8472709,-0.8480684,-0.8480672,-0.8486049,-0.8490166,-0.8493592,-0.8499318,-0.8508239,-0.8506998,-0.85113794,-0.8513648,-0.8527223,-0.85220385,-0.851933,-0.8523604,-0.8526439,-0.85314274,-0.8527777,-0.8530757,-0.8535882,-0.85286987,-0.85389906,-0.8530456,-0.8550882,-0.85497063,-0.8544861,-0.8558302,-0.8555226,-0.8549083,-0.8564036,-0.85592604,-0.8559502,-0.8561651,-0.8569717,-0.85860425,-0.85772616,-0.85865545,-0.85805386,-0.85597545,-0.8550808,-0.8574994,-0.8573532,-0.85567844,-0.85541916,-0.86068463,-0.86527026,-0.85732085,-0.860707,-0.86095864,-0.86218405,-0.86154217,-0.8526501,-0.85537726,-0.8514408,-0.8509442,-0.8554653,-0.8479196,-0.85358095,-0.8556032,-0.85588443,-0.85053504,-0.85731506,-0.8553718,-0.85811764,-0.85423803,-0.8563051,-0.86018956,-0.78715724
