,397.32,400.20,403.09,405.97,408.85,411.74,414.63,417.52,420.40,423.29,426.19,429.08,431.97,434.87,437.76,440.66,443.56,446.45,449.35,452.25,455.16,458.06,460.96,463.87,466.77,469.68,472.59,475.50,478.41,481.32,484.23,487.14,490.06,492.97,495.89,498.80,501.72,504.64,507.56,510.48,513.40,516.33,519.25,522.18,525.10,528.03,530.96,533.89,536.82,539.75,542.68,545.62,548.55,551.49,554.43,557.36,560.30,563.24,566.18,569.12,572.07,575.01,577.96,580.90,583.85,586.80,589.75,592.70,595.65,598.60,601.55,604.51,607.46,610.42,613.38,616.34,619.30,622.26,625.22,628.18,631.15,634.11,637.08,640.04,643.01,645.98,648.95,651.92,654.89,657.87,660.84,663.81,666.79,669.77,672.75,675.73,678.71,681.69,684.67,687.65,690.64,693.62,696.61,699.60,702.58,705.57,708.57,711.56,714.55,717.54,720.54,723.53,726.53,729.53,732.53,735.53,738.53,741.53,744.53,747.54,750.54,753.55,756.56,759.56,762.57,765.58,768.60,771.61,774.62,777.64,780.65,783.67,786.68,789.70,792.72,795.74,798.77,801.79,804.81,807.84,810.86,813.89,816.92,819.95,822.98,826.01,829.04,832.07,835.11,838.14,841.18,844.22,847.25,850.29,853.33,856.37,859.42,862.46,865.50,868.55,871.60,874.64,877.69,880.74,883.79,886.84,889.90,892.95,896.01,899.06,902.12,905.18,908.24,911.30,914.36,917.42,920.48,923.55,926.61,929.68,932.74,935.81,938.88,941.95,945.02,948.10,951.17,954.24,957.32,960.40,963.47,966.55,969.63,972.71,975.79,978.88,981.96,985.05,988.13,991.22,994.31,997.40,1000.49,1003.58
397.32,0.0,0.1482258,0.22234744,0.2668611,0.31580567,0.33697033,0.36122,0.37201485,0.37904334,0.3866799,0.3900317,0.38863492,0.4065285,0.4236989,0.4327077,0.4406196,0.44564918,0.445668,0.44632745,0.44109535,0.4391041,0.4352378,0.43834564,0.43605098,0.4353802,0.43694386,0.43973592,0.4403018,0.44105926,0.43841887,0.43112427,0.4254827,0.4190953,0.4078259,0.38880795,0.3623213,0.32802162,0.28926784,0.24252257,0.188954,0.13210317,0.06971474,0.011321742,-0.042973246,-0.08784679,-0.12652946,-0.15224111,-0.17198214,-0.18510845,-0.19323038,-0.19814189,-0.20413713,-0.20783806,-0.2095268,-0.2075469,-0.20178789,-0.19068024,-0.17644344,-0.15748438,-0.13279258,-0.1075964,-0.083223835,-0.05994379,-0.040646974,-0.02509285,-0.012842977,-0.00075604505,0.0081575615,0.015622722,0.02054199,0.028060414,0.03876745,0.054023184,0.070043564,0.08977761,0.10451209,0.12062507,0.12674312,0.13148648,0.13168135,0.13559519,0.14444664,0.160172,0.17838055,0.20255373,0.22428766,0.24576409,0.2617463,0.27539173,0.30255595,0.32969397,0.35781693,0.38077274,0.39322335,0.39750454,0.3949805,0.38414043,0.36380106,0.31462857,0.23328829,0.13785703,0.02281674,-0.085159555,-0.18432397,-0.26850757,-0.33404472,-0.39012778,-0.43787268,-0.47685438,-0.51015073,-0.5397995,-0.5609928,-0.5801392,-0.5956538,-0.6061479,-0.6149387,-0.6232103,-0.627841,-0.6313177,-0.6346349,-0.6373216,-0.63944155,-0.6414027,-0.6446861,-0.6429368,-0.6422547,-0.6431688,-0.6457472,-0.64510256,-0.6458199,-0.64592135,-0.6454426,-0.6460984,-0.6468922,-0.64699143,-0.6468158,-0.64605725,-0.6460738,-0.6469937,-0.6477144,-0.64828837,-0.64895177,-0.6482542,-0.6492013,-0.6480294,-0.6485348,-0.6487999,-0.6472023,-0.64880514,-0.6479327,-0.64854234,-0.6481684,-0.64893883,-0.64708394,-0.6487491,-0.6494814,-0.64806217,-0.6500729,-0.6503027,-0.6498999,-0.64993274,-0.6512366,-0.64944226,-0.65180933,-0.64986855,-0.64794624,-0.6509333,-0.64954865,-0.64652115,-0.6486481,-0.6450874,-0.6516312,-0.6438929,-0.6481232,-0.64920026,-0.6466804,-0.6440162,-0.64467585,-0.63928586,-0.64561266,-0.6362405,-0.63569474,-0.62741965,-0.6394169,-0.6311137,-0.63636225,-0.6322645,-0.63308984,-0.61977524,-0.6311128,-0.62881166,-0.62523925,-0.6114979,-0.6226674,-0.625606,-0.6253202,-0.61214745,-0.6283935,-0.62016994,-0.62718743,-0.61632764,-0.6195047,-0.6243724,-0.5418522
400.20,-0.1482258,0.0,0.076835975,0.12381717,0.17636605,0.1993608,0.22606818,0.23787044,0.24561124,0.2540792,0.25788072,0.2563388,0.2762321,0.2955418,0.30568635,0.31469277,0.32040608,0.3205563,0.3214129,0.3155927,0.3133842,0.30907783,0.3126215,0.31005242,0.3093201,0.31112206,0.31429517,0.3149558,0.31583053,0.31290272,0.30468085,0.29833397,0.2912822,0.27877137,0.2577074,0.2285315,0.19108257,0.14930175,0.09954174,0.043356676,-0.015262565,-0.07843483,-0.13649279,-0.18955337,-0.23276219,-0.26952988,-0.29373395,-0.31219283,-0.32440096,-0.3319319,-0.33647504,-0.3420134,-0.34542373,-0.34697938,-0.3451498,-0.33983207,-0.32954952,-0.31631872,-0.2986112,-0.27539304,-0.2515238,-0.22826125,-0.20587802,-0.18720254,-0.17206419,-0.16009966,-0.14826015,-0.13947584,-0.13210484,-0.12724698,-0.11980556,-0.109166466,-0.09397182,-0.07794082,-0.058066715,-0.043175064,-0.026793543,-0.02054192,-0.01572495,-0.015519751,-0.011505977,-0.0024267673,0.013770467,0.032579277,0.057699822,0.080409646,0.10304479,0.11996086,0.13445207,0.16356046,0.19290583,0.22348532,0.24865028,0.26231417,0.26699987,0.2641251,0.25207308,0.22974814,0.17623295,0.08954983,-0.009387359,-0.12506019,-0.23007952,-0.32361406,-0.40087238,-0.4596681,-0.5090514,-0.55044305,-0.5837837,-0.6119457,-0.6367923,-0.65440613,-0.670233,-0.68298227,-0.6915602,-0.6987372,-0.70548177,-0.7092375,-0.71206075,-0.7147533,-0.71694523,-0.71867627,-0.72028244,-0.7229584,-0.72152317,-0.72098064,-0.7217277,-0.72383386,-0.7233062,-0.7238968,-0.72397596,-0.7235815,-0.7241167,-0.72476,-0.72484577,-0.7246983,-0.7240781,-0.7240903,-0.7248349,-0.7254251,-0.7258934,-0.7264216,-0.7258544,-0.72662634,-0.7256747,-0.7260937,-0.72630984,-0.7250037,-0.72631824,-0.72560644,-0.72610044,-0.72580236,-0.72642916,-0.7249138,-0.72626626,-0.7268635,-0.7257188,-0.7273494,-0.7275416,-0.7272084,-0.72724,-0.7283021,-0.72684056,-0.72876364,-0.72720176,-0.72562367,-0.7280474,-0.7269312,-0.72447807,-0.72620696,-0.7232862,-0.72864777,-0.72233266,-0.7257908,-0.72666085,-0.7246204,-0.72245944,-0.72299105,-0.7185852,-0.7237697,-0.71612465,-0.71562004,-0.70886797,-0.7187467,-0.71191907,-0.71625316,-0.7129109,-0.7135871,-0.702704,-0.7120231,-0.71017945,-0.7072573,-0.6959779,-0.70515615,-0.70758516,-0.7073188,-0.69653636,-0.7098669,-0.70311326,-0.70881575,-0.6999176,-0.70251244,-0.70648897,-0.6379899
403.09,-0.22234744,-0.076835975,0.0,0.047480077,0.10104708,0.1246126,0.15214267,0.1643589,0.17237875,0.18118009,0.18512674,0.18353716,0.20423348,0.22439952,0.2350429,0.24449418,0.25049996,0.25074598,0.25169095,0.24560812,0.24332222,0.2388172,0.24255987,0.23987743,0.23911205,0.24100725,0.24436271,0.24505873,0.24600466,0.2429356,0.23432516,0.22769777,0.22036305,0.20734592,0.18547283,0.1552743,0.11671745,0.07399825,0.023452632,-0.033142976,-0.09165981,-0.15412568,-0.21099256,-0.2625127,-0.3041496,-0.33935407,-0.3624219,-0.3799531,-0.39151868,-0.3986419,-0.40293244,-0.40816545,-0.41138604,-0.41284853,-0.41112202,-0.4061018,-0.39638227,-0.3838559,-0.3670474,-0.34493563,-0.32212242,-0.29980063,-0.2782438,-0.26020497,-0.245543,-0.23392677,-0.22241397,-0.21385394,-0.20666003,-0.2019203,-0.19464824,-0.18423337,-0.16933118,-0.15357737,-0.13398258,-0.119266026,-0.10303249,-0.096820496,-0.0920466,-0.09184293,-0.087847665,-0.078806125,-0.06264906,-0.043852855,-0.018659445,0.0041792593,0.027053162,0.044177976,0.05887631,0.08855752,0.1185983,0.15003547,0.1760344,0.19013797,0.19497761,0.19196151,0.17942573,0.15637611,0.10134959,0.01327204,-0.08581769,-0.1998123,-0.30155206,-0.39078766,-0.46349603,-0.518233,-0.56380916,-0.6017273,-0.63207805,-0.65758276,-0.67999643,-0.69582653,-0.71001863,-0.72142404,-0.7290797,-0.73547786,-0.7414908,-0.7448301,-0.74734294,-0.749744,-0.75169504,-0.7532404,-0.75468063,-0.75707346,-0.75577974,-0.7553042,-0.7559801,-0.75785804,-0.75739336,-0.7579176,-0.7579862,-0.75763077,-0.75811595,-0.7586857,-0.7587605,-0.75863296,-0.75807387,-0.7580812,-0.7587475,-0.7592712,-0.7596909,-0.76016253,-0.7596528,-0.76033765,-0.7594972,-0.7598744,-0.76006246,-0.7589012,-0.7600756,-0.7594431,-0.7598842,-0.7596193,-0.76017976,-0.7588203,-0.7600348,-0.7605626,-0.7595445,-0.7609991,-0.7611688,-0.76087266,-0.760901,-0.7618472,-0.7605423,-0.7622647,-0.7608632,-0.7594586,-0.76162636,-0.7606314,-0.75844485,-0.7599814,-0.75737166,-0.7621665,-0.75652593,-0.7596272,-0.76040095,-0.7585893,-0.7566491,-0.75712806,-0.7532186,-0.757836,-0.75097305,-0.7505391,-0.7444984,-0.753376,-0.7472657,-0.7511408,-0.7481706,-0.7487846,-0.73906165,-0.74741197,-0.7457924,-0.74316335,-0.73306483,-0.7412936,-0.7434734,-0.74324036,-0.7335631,-0.74547917,-0.7394666,-0.74457717,-0.73654526,-0.73890084,-0.7424686,-0.6807161
405.97,-0.2668611,-0.12381717,-0.047480077,0.0,0.05386219,0.077647746,0.10554454,0.117933966,0.12605637,0.13501678,0.13904327,0.13743041,0.1585137,0.17912428,0.1900319,0.19970588,0.20586933,0.2061652,0.20717569,0.20095068,0.1986482,0.19403574,0.19788979,0.19513129,0.19435531,0.19631912,0.19973965,0.20046926,0.20146026,0.19833301,0.18951069,0.18274018,0.17526676,0.16199462,0.13973503,0.1090548,0.070015736,0.026941454,-0.023802865,-0.08033023,-0.13844645,-0.20012085,-0.25593668,-0.3062379,-0.34669906,-0.38077772,-0.40304074,-0.4199254,-0.43105227,-0.43789443,-0.44201416,-0.44704023,-0.45012766,-0.45153424,-0.44988015,-0.44505942,-0.43572444,-0.42368108,-0.40749568,-0.3861641,-0.36410436,-0.34246922,-0.32153493,-0.30397877,-0.28968093,-0.2783479,-0.26710036,-0.25872585,-0.25168094,-0.24703854,-0.23990855,-0.22969161,-0.21505408,-0.1995541,-0.18024212,-0.16571711,-0.14966619,-0.1435201,-0.1388001,-0.13859452,-0.13463308,-0.12566958,-0.109629035,-0.090946354,-0.06585227,-0.043058693,-0.020170217,-0.0030121717,0.011740677,0.041609257,0.07190979,0.10372379,0.1300874,0.14441757,0.14929983,0.14622323,0.13345616,0.110061675,0.054405253,-0.034043774,-0.13266453,-0.24499406,-0.34420127,-0.43039393,-0.500047,-0.5521492,-0.59530467,-0.6310525,-0.6595652,-0.68345785,-0.70440143,-0.7191635,-0.7323807,-0.7429864,-0.75009495,-0.7560356,-0.761624,-0.76471615,-0.76704633,-0.7692744,-0.771091,-0.77252865,-0.773867,-0.7761,-0.77489793,-0.77445847,-0.7750872,-0.77683806,-0.776405,-0.7768969,-0.77696115,-0.7766315,-0.77707714,-0.7776095,-0.77767897,-0.7775607,-0.77704203,-0.77704835,-0.7776661,-0.77815104,-0.7785474,-0.77898335,-0.77851045,-0.77914494,-0.77836543,-0.7787182,-0.7788923,-0.77781177,-0.7789036,-0.7783183,-0.77872664,-0.7784857,-0.7790078,-0.7777368,-0.7788673,-0.77936417,-0.77841395,-0.77976996,-0.77992153,-0.7796538,-0.7796808,-0.78055674,-0.77934664,-0.78094655,-0.77964944,-0.77834225,-0.78035223,-0.77943385,-0.7774033,-0.77882653,-0.7763963,-0.7808661,-0.775611,-0.7784973,-0.7792294,-0.7775342,-0.77574545,-0.77618796,-0.77254426,-0.7768451,-0.7704366,-0.7700625,-0.76443815,-0.7727361,-0.76703674,-0.77063614,-0.7678887,-0.76848954,-0.75941336,-0.76720566,-0.76569855,-0.7632647,-0.75383955,-0.7615187,-0.7635682,-0.7633395,-0.7543105,-0.76542926,-0.7598212,-0.7645787,-0.7570705,-0.75925374,-0.7625872,-0.7048412
408.85,-0.31580567,-0.17636605,-0.10104708,-0.05386219,0.0,0.023895908,0.05203036,0.06455589,0.072770245,0.08185437,0.08593363,0.0843064,0.105712175,0.12671086,0.13782965,0.14773905,0.15404694,0.15437399,0.15543675,0.1490937,0.14676088,0.14205876,0.14600836,0.14319807,0.14240989,0.14442357,0.1479288,0.14868379,0.14970082,0.14651327,0.1375053,0.13059701,0.12300562,0.10951345,0.08692224,0.05586277,0.016489435,-0.026737155,-0.07739836,-0.13350247,-0.19081384,-0.25122786,-0.30554664,-0.35420927,-0.3931557,-0.42582682,-0.44710052,-0.46320128,-0.4737899,-0.48029652,-0.48421943,-0.4889914,-0.49192616,-0.4932595,-0.49168766,-0.4871043,-0.4782327,-0.46676737,-0.45134407,-0.43096712,-0.40984663,-0.38908222,-0.36893943,-0.35201412,-0.33821023,-0.3272472,-0.31635156,-0.3082352,-0.3013916,-0.29688624,-0.2899616,-0.28002217,-0.26576746,-0.25064605,-0.2317666,-0.21754341,-0.20179574,-0.19575787,-0.19112304,-0.19091704,-0.18702017,-0.17819633,-0.16239193,-0.14394975,-0.11912339,-0.09651602,-0.073752254,-0.05665319,-0.041930716,-0.0120285535,0.018403633,0.05045676,0.0771053,0.09160157,0.09653908,0.09340111,0.08044519,0.056786045,0.0007248775,-0.087625004,-0.1851163,-0.29490477,-0.39075238,-0.47318706,-0.53922457,-0.5882838,-0.6287061,-0.6620388,-0.6885284,-0.7106574,-0.7300151,-0.7436259,-0.7558017,-0.7655517,-0.7720838,-0.7775363,-0.7826672,-0.78550047,-0.7876421,-0.7896878,-0.791358,-0.7926816,-0.79391783,-0.79597044,-0.794868,-0.7944724,-0.7950535,-0.7966664,-0.7962694,-0.79672265,-0.79678035,-0.7964783,-0.79689234,-0.7973766,-0.7974427,-0.7973349,-0.79685813,-0.7968591,-0.7974289,-0.79787546,-0.79823476,-0.79863244,-0.79820424,-0.79878616,-0.7980704,-0.79839724,-0.7985591,-0.7975622,-0.7985711,-0.79803544,-0.79840714,-0.79818505,-0.79866946,-0.7974963,-0.79853815,-0.7989935,-0.7981245,-0.7993711,-0.7995119,-0.7992598,-0.79928476,-0.80009234,-0.7989811,-0.8004553,-0.79925954,-0.79805726,-0.7999062,-0.79906905,-0.79720706,-0.79850626,-0.79626817,-0.8003901,-0.79555047,-0.79820716,-0.79888755,-0.7973269,-0.7956885,-0.7960993,-0.79275066,-0.79669905,-0.79080683,-0.7904436,-0.7852641,-0.792947,-0.78768265,-0.79100215,-0.78847826,-0.78904563,-0.7806885,-0.7878846,-0.7865069,-0.7842733,-0.77558184,-0.7826822,-0.7845472,-0.7843427,-0.7760254,-0.7862474,-0.7810948,-0.78547937,-0.77854395,-0.780568,-0.78363556,-0.7302094
411.74,-0.33697033,-0.1993608,-0.1246126,-0.077647746,-0.023895908,0.0,0.028188558,0.04073952,0.04898608,0.05810111,0.062208127,0.06057426,0.082080156,0.10320956,0.11441982,0.124400385,0.1307624,0.13111861,0.13218836,0.12580977,0.1234651,0.118736126,0.12271399,0.11988581,0.11909583,0.1211262,0.12466486,0.12543322,0.12645945,0.12325443,0.11417379,0.107217535,0.09958562,0.086023234,0.06331929,0.032143313,-0.007306039,-0.05052363,-0.1010612,-0.15688187,-0.21373843,-0.2735024,-0.32708672,-0.3749631,-0.41319922,-0.4452162,-0.4660342,-0.48177502,-0.49212173,-0.4984768,-0.50230527,-0.5069637,-0.5098287,-0.51113033,-0.50959975,-0.50512594,-0.49645963,-0.4852612,-0.47018212,-0.45024687,-0.42955905,-0.4092003,-0.38943222,-0.37280053,-0.3592324,-0.34844458,-0.3377243,-0.32972506,-0.32298946,-0.3185453,-0.3117205,-0.30191323,-0.2878496,-0.272916,-0.2542597,-0.24018759,-0.22459878,-0.21861838,-0.21402878,-0.21382606,-0.20996505,-0.20122047,-0.18554258,-0.16723862,-0.14256816,-0.120083734,-0.09741372,-0.08037151,-0.06568825,-0.035823494,-0.005389344,0.026712794,0.053440843,0.06798703,0.072942294,0.0697863,0.05676332,0.033027925,-0.023108104,-0.11125956,-0.20809005,-0.3165972,-0.4108443,-0.49154294,-0.5559534,-0.6036595,-0.64287144,-0.67515147,-0.70075965,-0.72212416,-0.7407981,-0.7539152,-0.7656449,-0.7750295,-0.78131217,-0.78655887,-0.79149514,-0.7942171,-0.79627645,-0.7982422,-0.7998528,-0.8011271,-0.80231684,-0.8042915,-0.8032301,-0.8028562,-0.80341583,-0.80496967,-0.8045887,-0.8050259,-0.80508226,-0.8047879,-0.8051855,-0.80565315,-0.80571824,-0.8056114,-0.80514956,-0.8051543,-0.8057028,-0.8061323,-0.806479,-0.8068588,-0.8064446,-0.8070073,-0.8063173,-0.80663383,-0.8067911,-0.80583066,-0.8068039,-0.8062848,-0.80664355,-0.80643034,-0.8068995,-0.80576503,-0.80677086,-0.8072078,-0.80637157,-0.807571,-0.80770725,-0.80746543,-0.8074893,-0.80826753,-0.8071975,-0.8086191,-0.8074664,-0.8063087,-0.80809456,-0.8072817,-0.805487,-0.8067407,-0.8045867,-0.8085578,-0.80389625,-0.80645674,-0.8071085,-0.8056138,-0.80403304,-0.8044289,-0.8011988,-0.80500567,-0.7993118,-0.79896563,-0.7939877,-0.80138165,-0.7963171,-0.79953194,-0.7970846,-0.7976355,-0.7895939,-0.7965395,-0.79523766,-0.7930598,-0.7846875,-0.791519,-0.7933402,-0.7931347,-0.785114,-0.79497993,-0.790018,-0.79421216,-0.78751975,-0.7894672,-0.7924313,-0.74085826
414.63,-0.36122,-0.22606818,-0.15214267,-0.10554454,-0.05203036,-0.028188558,0.0,0.012567604,0.0208295,0.029969199,0.034093533,0.032453734,0.054043807,0.07529329,0.08658234,0.09664797,0.1030618,0.10344113,0.10453396,0.09810725,0.09575741,0.09099564,0.09501274,0.09216663,0.09137009,0.093424864,0.0969873,0.097765744,0.09881011,0.095587514,0.086436115,0.07943094,0.071760364,0.058130957,0.03533042,0.004063581,-0.03541944,-0.07855986,-0.12887244,-0.18426852,-0.24050175,-0.29940513,-0.35203204,-0.39892396,-0.43626815,-0.4674788,-0.4877367,-0.5030373,-0.5130841,-0.51925826,-0.5229732,-0.5275015,-0.5302775,-0.5315412,-0.53005856,-0.52571595,-0.5173077,-0.5064332,-0.4917814,-0.47238815,-0.4522335,-0.4323809,-0.4130794,-0.39682424,-0.3835462,-0.37298846,-0.36247826,-0.35464203,-0.3480383,-0.34367865,-0.33697852,-0.3273492,-0.31353083,-0.29884082,-0.28047276,-0.26660055,-0.2512182,-0.2453189,-0.24079242,-0.24058828,-0.23677719,-0.2281352,-0.21263722,-0.19452187,-0.17007105,-0.14776169,-0.12523612,-0.1082839,-0.09366634,-0.06389008,-0.03349493,-0.0013781718,0.025405835,0.039992716,0.04496134,0.04178217,0.028707819,0.004917547,-0.05122602,-0.13900346,-0.23491774,-0.3417616,-0.4339934,-0.5125775,-0.5750032,-0.6210823,-0.65885615,-0.6898791,-0.7144408,-0.73490995,-0.7527753,-0.7653142,-0.7765184,-0.7854773,-0.7914677,-0.79647416,-0.80118316,-0.8037781,-0.80573964,-0.8076159,-0.8091557,-0.8103777,-0.8115167,-0.81340575,-0.81238467,-0.8120346,-0.81257474,-0.8140625,-0.8136964,-0.8141188,-0.814169,-0.8138859,-0.8142698,-0.8147146,-0.81477815,-0.81467545,-0.8142322,-0.81423616,-0.81475997,-0.815171,-0.8155019,-0.8158631,-0.8154659,-0.8160051,-0.81534916,-0.8156517,-0.8158017,-0.81488055,-0.8158173,-0.815322,-0.81566066,-0.81545997,-0.81590766,-0.81482,-0.8157838,-0.81620234,-0.81540376,-0.81655186,-0.8166793,-0.8164458,-0.8164733,-0.81721723,-0.8161948,-0.8175545,-0.81645536,-0.81534576,-0.81705326,-0.816282,-0.8145656,-0.81576306,-0.8137022,-0.8175044,-0.8130369,-0.8154988,-0.8161187,-0.81469613,-0.8131808,-0.81355876,-0.81046814,-0.8141183,-0.808655,-0.808309,-0.80355746,-0.8106596,-0.80581343,-0.80888164,-0.8065636,-0.8070859,-0.79940015,-0.80605793,-0.8048244,-0.80272,-0.794726,-0.80126595,-0.8030261,-0.8028176,-0.79512995,-0.8045718,-0.79983115,-0.8038436,-0.79742485,-0.7992952,-0.80210376,-0.7526484
417.52,-0.37201485,-0.23787044,-0.1643589,-0.117933966,-0.06455589,-0.04073952,-0.012567604,0.0,0.008263708,0.0174096,0.021534745,0.019896237,0.0415106,0.06280091,0.074116334,0.08420793,0.090633824,0.09102038,0.09211621,0.08568801,0.083328664,0.078554176,0.08258128,0.07973035,0.07893135,0.08098832,0.08456922,0.085350014,0.08639557,0.08316766,0.073988274,0.066974476,0.059288092,0.04563295,0.02280458,-0.008477485,-0.04794203,-0.0910151,-0.14118604,-0.19635011,-0.25226697,-0.31075364,-0.36293244,-0.40936205,-0.44630104,-0.47714213,-0.4971493,-0.5122508,-0.5221685,-0.5282568,-0.5319206,-0.53638405,-0.53912944,-0.54037184,-0.5389102,-0.5346289,-0.52633315,-0.51560163,-0.5011373,-0.48198497,-0.46207657,-0.4424503,-0.42336056,-0.40727317,-0.39413297,-0.38367963,-0.37327203,-0.36550793,-0.358964,-0.3546481,-0.34800518,-0.338459,-0.32475618,-0.31018096,-0.2919531,-0.27818,-0.2629055,-0.25704038,-0.2525445,-0.25234023,-0.24854963,-0.23996034,-0.22455317,-0.20653366,-0.18220668,-0.1599914,-0.13754879,-0.120652206,-0.106074974,-0.0763638,-0.046011608,-0.013913832,0.0128738005,0.027471246,0.032440145,0.029253537,0.016165612,-0.007632369,-0.063738756,-0.15128762,-0.24671644,-0.35275635,-0.4440681,-0.52168304,-0.58322537,-0.62859654,-0.6657508,-0.6962335,-0.7203582,-0.740442,-0.7579733,-0.77026623,-0.78125095,-0.79002917,-0.79589975,-0.8008043,-0.8054209,-0.8079611,-0.8098846,-0.8117229,-0.81323314,-0.8144295,-0.8155479,-0.8174019,-0.8164053,-0.8160604,-0.81658876,-0.81804705,-0.8176904,-0.8181016,-0.8181569,-0.81787866,-0.8182554,-0.818692,-0.8187523,-0.81865466,-0.8182192,-0.8182212,-0.81873584,-0.81913954,-0.819463,-0.819816,-0.8194302,-0.81995773,-0.8193154,-0.8196133,-0.81976026,-0.81885684,-0.8197731,-0.8192885,-0.8196213,-0.81942517,-0.81986403,-0.81879926,-0.81974214,-0.82015276,-0.8193729,-0.8204969,-0.8206197,-0.8203954,-0.8204164,-0.82114947,-0.820148,-0.82147986,-0.8203993,-0.8193153,-0.8209851,-0.82023114,-0.81855595,-0.8197246,-0.81769776,-0.82143074,-0.8170583,-0.8194648,-0.82007736,-0.81867856,-0.8171984,-0.8175733,-0.8145442,-0.81812096,-0.8127766,-0.8124558,-0.8077745,-0.8147421,-0.80999714,-0.81300545,-0.81072885,-0.8112531,-0.80371416,-0.81024474,-0.80904025,-0.80698305,-0.79913086,-0.80553794,-0.80726993,-0.80707335,-0.79953706,-0.8087806,-0.80413574,-0.80806696,-0.8017634,-0.80359536,-0.80637974,-0.757838
420.40,-0.37904334,-0.24561124,-0.17237875,-0.12605637,-0.072770245,-0.04898608,-0.0208295,-0.008263708,0.0,0.00914792,0.013275006,0.011635375,0.033261385,0.05457283,0.065905385,0.07601054,0.08245281,0.082845226,0.08394495,0.077502824,0.07514166,0.07036057,0.07439586,0.071537845,0.07074369,0.07280248,0.0763872,0.07717539,0.078222185,0.07498667,0.065795444,0.058768198,0.051079456,0.037411578,0.014570548,-0.016720556,-0.056169983,-0.099192835,-0.14926928,-0.20427993,-0.25998524,-0.31819606,-0.3700772,-0.41620556,-0.45287943,-0.4834857,-0.50333136,-0.51830137,-0.5281365,-0.5341727,-0.5378027,-0.54222935,-0.54494435,-0.546179,-0.5447264,-0.54048276,-0.53225976,-0.5216227,-0.50728226,-0.48828664,-0.468532,-0.44905457,-0.43010467,-0.41412592,-0.40107837,-0.39068794,-0.3803442,-0.37262926,-0.36612645,-0.36183208,-0.35523316,-0.3457415,-0.33210915,-0.31761563,-0.29947722,-0.2857709,-0.2705643,-0.26472542,-0.2602472,-0.26004487,-0.2562737,-0.247719,-0.23236881,-0.21441413,-0.19016801,-0.16801718,-0.14563084,-0.12877207,-0.11422502,-0.0845567,-0.054237615,-0.022156447,0.0046331715,0.019231113,0.024203762,0.021013077,0.007919573,-0.015882576,-0.07195679,-0.15934862,-0.25444636,-0.35995144,-0.45064786,-0.5276433,-0.58863235,-0.63354534,-0.67029977,-0.7004438,-0.7242786,-0.74411756,-0.7614285,-0.77356553,-0.7844111,-0.79307526,-0.7988684,-0.803708,-0.8082625,-0.81076795,-0.81266785,-0.8144841,-0.8159732,-0.8171575,-0.818263,-0.82008994,-0.8191056,-0.81876993,-0.81929666,-0.82073486,-0.8203841,-0.8207919,-0.82084274,-0.82056826,-0.8209421,-0.821372,-0.821431,-0.8213346,-0.82090616,-0.8209079,-0.82141495,-0.8218134,-0.82213503,-0.8224816,-0.82209826,-0.8226182,-0.821987,-0.82227796,-0.82242644,-0.821535,-0.82243925,-0.8219599,-0.8222896,-0.82209593,-0.8225315,-0.8214812,-0.8224115,-0.8228114,-0.82204247,-0.8231517,-0.8232777,-0.8230473,-0.82307446,-0.8237969,-0.8228104,-0.8241235,-0.8230581,-0.8219864,-0.82363856,-0.8228941,-0.8212328,-0.82239383,-0.8203947,-0.8240829,-0.81976277,-0.8221349,-0.82274157,-0.82136047,-0.8199022,-0.820267,-0.81728417,-0.82081145,-0.81551975,-0.81520045,-0.81059456,-0.8174688,-0.812769,-0.8157489,-0.81349754,-0.81401354,-0.8065831,-0.813032,-0.81184965,-0.8098131,-0.8020611,-0.80840087,-0.81009847,-0.8099115,-0.802461,-0.81158847,-0.8070029,-0.8109027,-0.80468565,-0.8064831,-0.8092211,-0.761286
423.29,-0.3866799,-0.2540792,-0.18118009,-0.13501678,-0.08185437,-0.05810111,-0.029969199,-0.0174096,-0.00914792,0.0,0.004128689,0.0024888555,0.024124494,0.04545723,0.056804195,0.06692652,0.07338013,0.073773585,0.07487985,0.06842721,0.06606565,0.061275486,0.065322064,0.062458552,0.061659884,0.063726805,0.06731928,0.06810621,0.069158226,0.065918595,0.056711167,0.049676817,0.04197718,0.02829805,0.0054413686,-0.025853073,-0.065281674,-0.10824542,-0.15820487,-0.21303274,-0.2684931,-0.3263836,-0.3779235,-0.42370275,-0.46007228,-0.49040034,-0.51005596,-0.52487916,-0.5346138,-0.54058856,-0.5441843,-0.5485618,-0.55124974,-0.5524695,-0.55103487,-0.54683363,-0.53869766,-0.5281675,-0.51396865,-0.49515697,-0.47558242,-0.45628014,-0.43748778,-0.42164254,-0.4086976,-0.39838532,-0.3881197,-0.38046244,-0.3739998,-0.3697396,-0.3631866,-0.3537559,-0.3402167,-0.32580796,-0.30777606,-0.29415083,-0.27901962,-0.27321315,-0.26875913,-0.26855126,-0.26479822,-0.256284,-0.24100824,-0.22312857,-0.19897193,-0.17689417,-0.15457395,-0.13775662,-0.12324133,-0.09362762,-0.06334467,-0.031284507,-0.0044971923,0.010104603,0.015076194,0.011883602,-0.0012179562,-0.02501745,-0.081049606,-0.16825044,-0.26298285,-0.3678742,-0.45787236,-0.53415376,-0.5944836,-0.63886595,-0.67515796,-0.7049017,-0.72840774,-0.747969,-0.7650272,-0.7769836,-0.7876651,-0.7961996,-0.8019009,-0.8066656,-0.8111506,-0.81361604,-0.81548655,-0.8172742,-0.81874293,-0.81990933,-0.82099867,-0.8228029,-0.82183707,-0.821504,-0.8220235,-0.82344306,-0.82309604,-0.823498,-0.8235489,-0.82328004,-0.82364714,-0.8240713,-0.8241307,-0.8240362,-0.8236134,-0.82361454,-0.82411367,-0.82450706,-0.8248209,-0.8251647,-0.82478964,-0.8253018,-0.82467794,-0.82496804,-0.8251123,-0.8242372,-0.825126,-0.8246542,-0.82498145,-0.8247909,-0.8252199,-0.82418066,-0.8250982,-0.82549816,-0.82473904,-0.82582855,-0.8259535,-0.82573205,-0.82575506,-0.82647,-0.82549554,-0.8267912,-0.82574165,-0.8246883,-0.8263096,-0.8255773,-0.8239519,-0.8250826,-0.8231138,-0.8267496,-0.8224937,-0.824831,-0.8254321,-0.824072,-0.8226317,-0.8229945,-0.8200527,-0.823534,-0.8183267,-0.8180295,-0.81347126,-0.82025886,-0.8156353,-0.8185654,-0.81635284,-0.8168622,-0.8095325,-0.8159054,-0.81473255,-0.8127195,-0.8050808,-0.8113365,-0.8129979,-0.8128203,-0.80547863,-0.8144655,-0.8099518,-0.81378573,-0.8076449,-0.8094361,-0.8121291,-0.76485103
426.19,-0.3900317,-0.25788072,-0.18512674,-0.13904327,-0.08593363,-0.062208127,-0.034093533,-0.021534745,-0.013275006,-0.004128689,0.0,-0.0016399224,0.01999752,0.041336104,0.052692108,0.06282216,0.069284044,0.06968029,0.07079141,0.064331636,0.061971266,0.057179667,0.061229188,0.058364514,0.05756541,0.059635982,0.06323039,0.064022794,0.06507605,0.061830584,0.052617818,0.04557667,0.037873346,0.024189884,0.0013230797,-0.029975161,-0.069396526,-0.11233589,-0.16225007,-0.21699657,-0.2723463,-0.3300931,-0.38147599,-0.42709675,-0.46332228,-0.4935277,-0.51309323,-0.5278498,-0.53753924,-0.54348505,-0.54706055,-0.55142057,-0.5540977,-0.5553099,-0.5538842,-0.54970115,-0.541605,-0.5311231,-0.51699436,-0.49826783,-0.4787795,-0.4595547,-0.44083586,-0.42504922,-0.41215095,-0.40187955,-0.391646,-0.3840129,-0.37757924,-0.37332898,-0.36679587,-0.3573948,-0.34389326,-0.32952762,-0.31154314,-0.2979467,-0.2828542,-0.27705908,-0.27261105,-0.27241257,-0.26866478,-0.26016933,-0.24492359,-0.22708052,-0.20295882,-0.1809117,-0.15862112,-0.14182085,-0.12731718,-0.09772339,-0.06745721,-0.035402473,-0.008614759,0.005988881,0.010961387,0.007767066,-0.0053384,-0.02913983,-0.08515267,-0.1722728,-0.2668411,-0.3714632,-0.46114576,-0.53709275,-0.5971166,-0.6412569,-0.6773296,-0.7068838,-0.7302388,-0.7496638,-0.7666034,-0.7784759,-0.7890818,-0.79755026,-0.80321115,-0.8079411,-0.8123949,-0.8148408,-0.8166982,-0.8184744,-0.8199327,-0.8210925,-0.82217723,-0.823971,-0.8230067,-0.82268286,-0.82319725,-0.8246103,-0.8242656,-0.82466525,-0.82471734,-0.8244471,-0.824813,-0.82523376,-0.82529527,-0.8252007,-0.8247783,-0.8247795,-0.8252754,-0.8256687,-0.8259804,-0.8263218,-0.82594526,-0.8264558,-0.8258376,-0.8261249,-0.82626843,-0.8253972,-0.8262812,-0.8258161,-0.8261378,-0.8259497,-0.82637364,-0.8253418,-0.8262569,-0.8266519,-0.8258991,-0.82698333,-0.82710534,-0.82688165,-0.82690775,-0.82761693,-0.82664853,-0.8279368,-0.8268964,-0.8258445,-0.8274605,-0.8267309,-0.8251176,-0.82624483,-0.82428503,-0.8279011,-0.8236685,-0.82599103,-0.826589,-0.8252376,-0.82381207,-0.82417023,-0.821248,-0.824711,-0.81952775,-0.8192225,-0.81470466,-0.82145053,-0.81685257,-0.81976753,-0.81757927,-0.8180758,-0.8107986,-0.81712705,-0.8159686,-0.8139677,-0.80637914,-0.81259066,-0.8142542,-0.814072,-0.8067829,-0.8157072,-0.81123245,-0.8150219,-0.80894035,-0.81069523,-0.8133925,-0.7663997
429.08,-0.38863492,-0.2563388,-0.18353716,-0.13743041,-0.0843064,-0.06057426,-0.032453734,-0.019896237,-0.011635375,-0.0024888555,0.0016399224,0.0,0.021639057,0.042974845,0.05432837,0.06445812,0.07091401,0.071310066,0.072424695,0.06596065,0.063601166,0.058810316,0.062860996,0.059995517,0.059194323,0.061263923,0.06485887,0.06564638,0.0666998,0.06345675,0.054246254,0.04720531,0.039501972,0.025819398,0.0029540618,-0.02834495,-0.06776977,-0.11071968,-0.1606477,-0.21542048,-0.27080587,-0.32859862,-0.3800388,-0.42571312,-0.46198517,-0.49223498,-0.5118306,-0.5266138,-0.5363181,-0.5422713,-0.54585564,-0.55022174,-0.5529001,-0.55411613,-0.5526867,-0.5484983,-0.54038775,-0.5298905,-0.51573366,-0.49697933,-0.47746113,-0.45820588,-0.439466,-0.42365608,-0.4107429,-0.40045846,-0.3902149,-0.38257214,-0.3761285,-0.37187546,-0.36533117,-0.3559251,-0.34240925,-0.32802397,-0.31002644,-0.2964189,-0.28131384,-0.275513,-0.2710637,-0.2708618,-0.2671149,-0.25861153,-0.24335583,-0.22550113,-0.20136963,-0.17931335,-0.15701348,-0.14020553,-0.12570041,-0.09610146,-0.06582559,-0.033770673,-0.006982316,0.0076214657,0.012594951,0.009399219,-0.0037041046,-0.027505849,-0.083526865,-0.17067373,-0.26529276,-0.37000138,-0.45979318,-0.53586555,-0.59600234,-0.6402298,-0.6763828,-0.7060103,-0.72941995,-0.7488992,-0.76588374,-0.7777879,-0.7884221,-0.79691553,-0.80259234,-0.8073353,-0.8118028,-0.81425714,-0.8161193,-0.81790143,-0.81936574,-0.8205293,-0.8216151,-0.82341456,-0.8224539,-0.82212704,-0.8226455,-0.8240598,-0.8237152,-0.8241158,-0.8241685,-0.82389987,-0.8242665,-0.8246891,-0.82474977,-0.8246552,-0.8242311,-0.8242342,-0.8247315,-0.82512456,-0.82543796,-0.8257798,-0.82540506,-0.8259157,-0.82529753,-0.82558507,-0.82572913,-0.8248572,-0.8257453,-0.8252751,-0.8255974,-0.8254084,-0.82583743,-0.8248019,-0.82571775,-0.82611525,-0.82535845,-0.82644427,-0.8265691,-0.82634497,-0.8263701,-0.8270827,-0.82611305,-0.82740176,-0.82635885,-0.82530755,-0.8269229,-0.82619494,-0.8245795,-0.8257072,-0.8237428,-0.8273683,-0.82312626,-0.8254549,-0.82605326,-0.8247007,-0.82326627,-0.8236262,-0.8206944,-0.8241665,-0.81899154,-0.8186858,-0.81414735,-0.8209139,-0.8162869,-0.8192221,-0.81702954,-0.81752574,-0.81023914,-0.8165725,-0.8154056,-0.8134064,-0.8057978,-0.81202173,-0.81368756,-0.8134979,-0.80618745,-0.81516075,-0.8106501,-0.8144608,-0.8083539,-0.81011975,-0.81281734,-0.76573247
431.97,-0.4065285,-0.2762321,-0.20423348,-0.1585137,-0.105712175,-0.082080156,-0.054043807,-0.0415106,-0.033261385,-0.024124494,-0.01999752,-0.021639057,0.0,0.021364158,0.03274092,0.04289806,0.049376715,0.049785536,0.050903674,0.04442782,0.042062502,0.037261248,0.04132734,0.03845392,0.037652556,0.03973,0.043338638,0.044131603,0.045192454,0.041941695,0.032701626,0.02564662,0.01793445,0.004234587,-0.018642059,-0.04992116,-0.08926027,-0.1320325,-0.18165365,-0.23596059,-0.29074574,-0.34776092,-0.39838365,-0.4432393,-0.47879362,-0.5083977,-0.527556,-0.5419955,-0.5514705,-0.5572816,-0.5607746,-0.56503797,-0.5676545,-0.5688399,-0.56744576,-0.5633567,-0.5554414,-0.5451946,-0.5313684,-0.5130338,-0.49394137,-0.4750896,-0.45672184,-0.44121727,-0.4285449,-0.418446,-0.408382,-0.4008744,-0.39453855,-0.39035508,-0.38392138,-0.3746651,-0.36135423,-0.34718946,-0.32944736,-0.3160214,-0.30111158,-0.29538342,-0.29098666,-0.2907861,-0.28708303,-0.27867728,-0.26359397,-0.24591982,-0.22202356,-0.20015515,-0.17802319,-0.16132902,-0.14691459,-0.11746506,-0.08730649,-0.055329703,-0.028573595,-0.01397745,-0.0090077575,-0.012206871,-0.025312664,-0.049090974,-0.10495876,-0.19159281,-0.28527933,-0.38850743,-0.47664583,-0.5510371,-0.60966444,-0.6526807,-0.6877798,-0.7164948,-0.7391553,-0.7579922,-0.77440935,-0.7859027,-0.7961701,-0.804365,-0.80983865,-0.81441146,-0.8187196,-0.82108516,-0.82288307,-0.82459956,-0.82601124,-0.8271374,-0.82818717,-0.82992435,-0.82899445,-0.82868314,-0.82918334,-0.8305505,-0.8302183,-0.8306065,-0.8306554,-0.83039564,-0.8307499,-0.83115697,-0.8312166,-0.8311242,-0.8307165,-0.8307167,-0.83119833,-0.8315785,-0.83188075,-0.83220965,-0.8318493,-0.83234173,-0.8317424,-0.8320238,-0.83216155,-0.83131826,-0.83217573,-0.831724,-0.83203566,-0.8318534,-0.832268,-0.83126616,-0.83215076,-0.8325334,-0.8318059,-0.8328535,-0.83297366,-0.83275753,-0.8327839,-0.8334698,-0.83253455,-0.83378005,-0.8327716,-0.8317557,-0.8333198,-0.83261704,-0.8310535,-0.8321455,-0.83024824,-0.8337479,-0.8296494,-0.8319028,-0.8324808,-0.83117294,-0.82979244,-0.8301432,-0.82731223,-0.83066577,-0.82565755,-0.82536626,-0.8209801,-0.82752776,-0.8230739,-0.8259026,-0.82377744,-0.8242729,-0.81722385,-0.8233404,-0.8222357,-0.8203001,-0.81293875,-0.8189573,-0.82057714,-0.8203958,-0.81332135,-0.8219862,-0.81764215,-0.82131493,-0.8154066,-0.8171192,-0.8197266,-0.77415395
434.87,-0.4236989,-0.2955418,-0.22439952,-0.17912428,-0.12671086,-0.10320956,-0.07529329,-0.06280091,-0.05457283,-0.04545723,-0.041336104,-0.042974845,-0.021364158,0.0,0.011386922,0.021562178,0.028053718,0.028467752,0.029592665,0.023106897,0.020742279,0.015932126,0.02000622,0.01712942,0.016328894,0.018412856,0.022028945,0.022826474,0.02389093,0.020635186,0.011378712,0.0043161865,-0.0033991593,-0.017101305,-0.03996439,-0.07118953,-0.110397354,-0.15294522,-0.2022108,-0.255998,-0.31012312,-0.3663178,-0.41608873,-0.46010226,-0.4949254,-0.52388066,-0.5425972,-0.5566912,-0.5659389,-0.5716091,-0.57501423,-0.5791701,-0.58171993,-0.58287764,-0.5815197,-0.5775334,-0.5698136,-0.559814,-0.546323,-0.5284125,-0.5097479,-0.49130127,-0.47331718,-0.45812216,-0.44570002,-0.43579012,-0.42591286,-0.4185428,-0.41231835,-0.4082075,-0.40188974,-0.39278832,-0.3797001,-0.36575824,-0.34828508,-0.33504584,-0.32034242,-0.31469446,-0.31035787,-0.3101576,-0.30650088,-0.29820037,-0.28330234,-0.26583236,-0.24218768,-0.2205322,-0.19859022,-0.18203035,-0.1677191,-0.13844773,-0.10843781,-0.07657376,-0.04987792,-0.035304103,-0.030341564,-0.03354253,-0.0466347,-0.070365205,-0.1260213,-0.21204877,-0.30471513,-0.40639243,-0.49284017,-0.56554633,-0.622666,-0.66448665,-0.69854707,-0.7263714,-0.74830484,-0.7665168,-0.7823828,-0.79348123,-0.803392,-0.8112998,-0.8165778,-0.8209873,-0.82514375,-0.82742345,-0.82915664,-0.8308135,-0.83218014,-0.8332648,-0.83428293,-0.835961,-0.8350578,-0.83476263,-0.83524835,-0.83657247,-0.8362515,-0.8366264,-0.8366742,-0.83642185,-0.8367666,-0.8371583,-0.8372168,-0.83712536,-0.8367319,-0.8367312,-0.8371956,-0.8375632,-0.837856,-0.8381714,-0.83782303,-0.83829826,-0.8377237,-0.837995,-0.8381286,-0.8373115,-0.8381412,-0.83770496,-0.83800775,-0.83783114,-0.83823144,-0.8372607,-0.83811975,-0.83848935,-0.83778465,-0.838801,-0.8389144,-0.8387043,-0.8387303,-0.839394,-0.8384895,-0.8396964,-0.8387213,-0.83774143,-0.83924943,-0.83857316,-0.83706325,-0.8381176,-0.83627874,-0.83967084,-0.83570766,-0.83788514,-0.83844787,-0.8371824,-0.8358514,-0.83619165,-0.833453,-0.83669335,-0.8318457,-0.83156276,-0.82732767,-0.83367753,-0.82937133,-0.8320978,-0.8300422,-0.8305379,-0.82373095,-0.82965493,-0.82859325,-0.82671744,-0.8195989,-0.8254233,-0.8269909,-0.82681364,-0.8199752,-0.8283479,-0.8241484,-0.8276997,-0.8219682,-0.82362044,-0.82614774,-0.7820065
437.76,-0.4327077,-0.30568635,-0.2350429,-0.1900319,-0.13782965,-0.11441982,-0.08658234,-0.074116334,-0.065905385,-0.056804195,-0.052692108,-0.05432837,-0.03274092,-0.011386922,0.0,0.010178413,0.016673634,0.017091127,0.018219957,0.011730979,0.00936568,0.0045529758,0.008631985,0.005752519,0.004951476,0.0070378096,0.010656297,0.01145665,0.012524103,0.009265596,3.5358664e-06,-0.0070609814,-0.014775809,-0.028474543,-0.051324412,-0.08251128,-0.12163549,-0.1640544,-0.21311077,-0.2666072,-0.32036346,-0.37610528,-0.42540672,-0.46895677,-0.5033802,-0.5319831,-0.55046177,-0.5643658,-0.573489,-0.5790821,-0.58244145,-0.58654433,-0.5890599,-0.5902019,-0.5888617,-0.5849293,-0.57731426,-0.5674537,-0.55414045,-0.53646284,-0.51803005,-0.4998071,-0.48203096,-0.46700504,-0.45471835,-0.4449164,-0.43513942,-0.42784476,-0.42168713,-0.41761744,-0.4113574,-0.40234333,-0.38937423,-0.37555465,-0.358233,-0.34510422,-0.33051392,-0.3249008,-0.3206013,-0.32040194,-0.31677052,-0.3085326,-0.29374018,-0.27638412,-0.25288016,-0.23133771,-0.20950556,-0.19301769,-0.17876367,-0.14959686,-0.11967657,-0.08788078,-0.061223395,-0.046664566,-0.041706733,-0.044906903,-0.057985805,-0.08168324,-0.13720733,-0.22288969,-0.31499583,-0.41582462,-0.50134194,-0.57313627,-0.6294469,-0.6706204,-0.70412534,-0.73147726,-0.7530216,-0.77090335,-0.78647494,-0.79736364,-0.80708903,-0.8148408,-0.8200175,-0.82434285,-0.8284187,-0.8306528,-0.8323543,-0.8339786,-0.8353221,-0.8363891,-0.8373893,-0.83903867,-0.8381553,-0.83786863,-0.8383487,-0.8396483,-0.8393341,-0.83970374,-0.83975065,-0.8395018,-0.8398412,-0.84022784,-0.8402835,-0.8401967,-0.8398091,-0.83980745,-0.84026384,-0.840625,-0.840912,-0.8412225,-0.8408804,-0.8413474,-0.8407825,-0.84105015,-0.84118116,-0.8403803,-0.8411973,-0.8407677,-0.841064,-0.8408917,-0.84128547,-0.84033203,-0.8411745,-0.8415368,-0.84084713,-0.8418418,-0.841955,-0.8417478,-0.84177583,-0.8424279,-0.84153914,-0.84272563,-0.8417687,-0.84080315,-0.84228516,-0.8416232,-0.8401441,-0.8411795,-0.8393709,-0.8427027,-0.8388093,-0.8409492,-0.8415021,-0.8402616,-0.8389495,-0.83928674,-0.8366058,-0.8397921,-0.8350199,-0.8347516,-0.8305941,-0.83682644,-0.83259773,-0.83527696,-0.8332762,-0.83375055,-0.8270653,-0.8328964,-0.8318483,-0.8300067,-0.82301694,-0.82873356,-0.8302783,-0.8301144,-0.82339513,-0.8316106,-0.8274984,-0.83097345,-0.8253415,-0.8269655,-0.8294429,-0.7860787
440.66,-0.4406196,-0.31469277,-0.24449418,-0.19970588,-0.14773905,-0.124400385,-0.09664797,-0.08420793,-0.07601054,-0.06692652,-0.06282216,-0.06445812,-0.04289806,-0.021562178,-0.010178413,0.0,0.0064981724,0.0069167013,0.008047815,0.0015556368,-0.00080910424,-0.0056223744,-0.0015418223,-0.004421093,-0.005222664,-0.003134605,0.00048606348,0.0012860324,0.0023552764,-0.0009033122,-0.010167864,-0.017232936,-0.024945438,-0.038639132,-0.06147061,-0.09261525,-0.13165775,-0.17394626,-0.22280961,-0.2760312,-0.32945216,-0.38477257,-0.43365058,-0.47678453,-0.5108452,-0.5391315,-0.5573918,-0.5711327,-0.5801444,-0.5856699,-0.5889875,-0.5930372,-0.59552026,-0.59664977,-0.59532994,-0.59144396,-0.5839251,-0.5741849,-0.561034,-0.5435648,-0.52534366,-0.5073213,-0.48973113,-0.47486132,-0.4626966,-0.45298716,-0.4433041,-0.4360779,-0.42997685,-0.4259461,-0.41973916,-0.41080627,-0.39794993,-0.38424358,-0.36705154,-0.35401526,-0.33953103,-0.33396798,-0.32968885,-0.32949397,-0.3258879,-0.3177043,-0.3030042,-0.28574842,-0.2623746,-0.24094132,-0.21920925,-0.20279257,-0.1885945,-0.15952875,-0.1296928,-0.09796454,-0.07134765,-0.056808136,-0.05185668,-0.055052754,-0.06811656,-0.091780715,-0.14716707,-0.23252021,-0.324107,-0.4241596,-0.5088467,-0.5798223,-0.6354041,-0.67600465,-0.70901114,-0.7359385,-0.757138,-0.77472615,-0.79003793,-0.8007403,-0.8102989,-0.8179173,-0.8230005,-0.8272481,-0.831255,-0.8334477,-0.8351199,-0.836717,-0.83803594,-0.8390871,-0.84007186,-0.8416964,-0.8408245,-0.84054226,-0.8410149,-0.8422963,-0.8419876,-0.84235287,-0.8423988,-0.84215313,-0.8424877,-0.84286636,-0.84292376,-0.8428351,-0.8424547,-0.8424527,-0.8429022,-0.84325826,-0.8435401,-0.84384334,-0.8435086,-0.84396666,-0.84341395,-0.84367836,-0.8438073,-0.8430165,-0.84382224,-0.84340006,-0.84368986,-0.8435225,-0.84391123,-0.8429707,-0.8438003,-0.8441574,-0.8434794,-0.84445906,-0.8445713,-0.8443671,-0.8443938,-0.8450341,-0.8441618,-0.8453284,-0.84438694,-0.843439,-0.844898,-0.8442444,-0.84279186,-0.8438073,-0.8420253,-0.8453096,-0.8414788,-0.84358203,-0.8441294,-0.8429115,-0.84162307,-0.84195197,-0.8393122,-0.84245384,-0.8377632,-0.837492,-0.83339494,-0.8395509,-0.83537793,-0.8380252,-0.83605176,-0.83652574,-0.8299526,-0.83569,-0.8346745,-0.8328509,-0.82597,-0.831605,-0.8331244,-0.8329552,-0.82634383,-0.83443254,-0.8303793,-0.8337869,-0.8282503,-0.82985044,-0.83228827,-0.78956974
