,397.32,400.20,403.09,405.97,408.85,411.74,414.63,417.52,420.40,423.29,426.19,429.08,431.97,434.87,437.76,440.66,443.56,446.45,449.35,452.25,455.16,458.06,460.96,463.87,466.77,469.68,472.59,475.50,478.41,481.32,484.23,487.14,490.06,492.97,495.89,498.80,501.72,504.64,507.56,510.48,513.40,516.33,519.25,522.18,525.10,528.03,530.96,533.89,536.82,539.75,542.68,545.62,548.55,551.49,554.43,557.36,560.30,563.24,566.18,569.12,572.07,575.01,577.96,580.90,583.85,586.80,589.75,592.70,595.65,598.60,601.55,604.51,607.46,610.42,613.38,616.34,619.30,622.26,625.22,628.18,631.15,634.11,637.08,640.04,643.01,645.98,648.95,651.92,654.89,657.87,660.84,663.81,666.79,669.77,672.75,675.73,678.71,681.69,684.67,687.65,690.64,693.62,696.61,699.60,702.58,705.57,708.57,711.56,714.55,717.54,720.54,723.53,726.53,729.53,732.53,735.53,738.53,741.53,744.53,747.54,750.54,753.55,756.56,759.56,762.57,765.58,768.60,771.61,774.62,777.64,780.65,783.67,786.68,789.70,792.72,795.74,798.77,801.79,804.81,807.84,810.86,813.89,816.92,819.95,822.98,826.01,829.04,832.07,835.11,838.14,841.18,844.22,847.25,850.29,853.33,856.37,859.42,862.46,865.50,868.55,871.60,874.64,877.69,880.74,883.79,886.84,889.90,892.95,896.01,899.06,902.12,905.18,908.24,911.30,914.36,917.42,920.48,923.55,926.61,929.68,932.74,935.81,938.88,941.95,945.02,948.10,951.17,954.24,957.32,960.40,963.47,966.55,969.63,972.71,975.79,978.88,981.96,985.05,988.13,991.22,994.31,997.40,1000.49,1003.58
397.32,0.0,0.14793165,0.22154127,0.26804003,0.32018042,0.34324196,0.36873356,0.37955418,0.38864934,0.3967103,0.3981509,0.3977525,0.41487378,0.43098193,0.43846503,0.44576946,0.44974178,0.4495958,0.44861025,0.4444472,0.4396796,0.43697885,0.4389138,0.4378863,0.43791434,0.4391713,0.4412823,0.44076473,0.44055375,0.43675634,0.4288038,0.42239854,0.4159533,0.40523255,0.384661,0.3561183,0.3207825,0.2819427,0.23601016,0.18206508,0.124789536,0.0628236,0.0050494955,-0.047750674,-0.09274282,-0.1303692,-0.15589893,-0.17493562,-0.18753164,-0.19495091,-0.19978517,-0.2045043,-0.20775825,-0.20964843,-0.20772773,-0.20225781,-0.19048555,-0.17628492,-0.15654051,-0.13198857,-0.106922165,-0.08305537,-0.060256954,-0.041548565,-0.025612805,-0.01371418,-0.0011097572,0.008912226,0.016070036,0.020752247,0.028101688,0.037940316,0.05153313,0.06811965,0.08597365,0.10018044,0.11555032,0.121685095,0.12535842,0.125701,0.12955569,0.1389182,0.15615366,0.17583431,0.20232381,0.22627588,0.24687874,0.26265734,0.2754329,0.29988658,0.32623088,0.3544988,0.37526715,0.38820288,0.39191955,0.38998368,0.3793664,0.3579281,0.30774483,0.22520235,0.1305608,0.01793788,-0.08848978,-0.18558985,-0.26685134,-0.3305469,-0.384566,-0.43016317,-0.46822232,-0.499745,-0.5276836,-0.54739636,-0.5648631,-0.57933336,-0.5883816,-0.59602594,-0.60341096,-0.6072718,-0.609684,-0.6125043,-0.6147494,-0.61610633,-0.6171195,-0.6216848,-0.6217173,-0.61840284,-0.6179754,-0.62059313,-0.6200043,-0.6201152,-0.6203327,-0.61978173,-0.62040734,-0.62126005,-0.62105846,-0.62094927,-0.62026656,-0.62069714,-0.6215439,-0.62278277,-0.62315434,-0.6247032,-0.6237052,-0.62464565,-0.6232231,-0.6236864,-0.6241111,-0.62281704,-0.62421316,-0.6236348,-0.62455225,-0.6238922,-0.6249314,-0.6230624,-0.62502205,-0.62619513,-0.62454206,-0.62650424,-0.6272212,-0.62652403,-0.62669337,-0.62802005,-0.6253989,-0.62812686,-0.6264604,-0.624276,-0.627303,-0.6259498,-0.62314636,-0.6251797,-0.62136835,-0.6278944,-0.62008154,-0.6244063,-0.62608933,-0.62356704,-0.6201166,-0.6208682,-0.61506444,-0.62081236,-0.6118652,-0.61324924,-0.606487,-0.6166899,-0.60920674,-0.61709744,-0.6129896,-0.6138223,-0.5984416,-0.61108947,-0.6081342,-0.604431,-0.5886488,-0.60079026,-0.6021037,-0.6034082,-0.5887175,-0.6058605,-0.5955128,-0.6045155,-0.58973384,-0.5951814,-0.59901655,-0.48021773
400.20,-0.14793165,0.0,0.07627243,0.12535004,0.18137524,0.20647301,0.23452295,0.2464421,0.25652838,0.26553234,0.26714998,0.26675612,0.28585842,0.30399206,0.31250265,0.3208339,0.32538965,0.32529438,0.32429984,0.31969908,0.314365,0.31134287,0.3135277,0.3123919,0.31244385,0.31387022,0.3162777,0.31574842,0.31556413,0.31132638,0.30236915,0.29515916,0.28801152,0.27606103,0.2532623,0.22180462,0.18328474,0.1414557,0.09265208,0.03619534,-0.022724599,-0.08530494,-0.14257869,-0.19404891,-0.23726039,-0.27295452,-0.2969361,-0.31470114,-0.32639885,-0.33326858,-0.3377351,-0.3420898,-0.34508553,-0.34682807,-0.34505934,-0.34001285,-0.32912412,-0.31593704,-0.29750973,-0.2744394,-0.25071445,-0.22795543,-0.20606288,-0.18798214,-0.17249247,-0.16088656,-0.14854307,-0.13869053,-0.13163827,-0.12702277,-0.11975527,-0.11000437,-0.09648912,-0.07991348,-0.061975315,-0.0476568,-0.032061875,-0.025813933,-0.022088109,-0.021747459,-0.017803505,-0.008222843,0.009478726,0.029771967,0.0573025,0.08237773,0.10408182,0.12079749,0.13438304,0.16055019,0.1890236,0.21979421,0.24254026,0.256748,0.26082942,0.25862408,0.2468459,0.22329994,0.16878611,0.08098501,-0.016925277,-0.12988111,-0.23317099,-0.32459083,-0.39908162,-0.4562344,-0.50386155,-0.54347223,-0.576129,-0.6029054,-0.6264364,-0.6429228,-0.657453,-0.66944134,-0.6768965,-0.6831904,-0.6892608,-0.6924246,-0.69439936,-0.69670546,-0.6985416,-0.69965714,-0.7004875,-0.70423484,-0.70425093,-0.70153016,-0.70118386,-0.7033315,-0.70284694,-0.70293903,-0.7031127,-0.7026603,-0.70317554,-0.7038693,-0.703706,-0.7036093,-0.7030535,-0.7034011,-0.70408976,-0.705116,-0.70542055,-0.70669216,-0.7058634,-0.7066364,-0.70547193,-0.7058508,-0.70619965,-0.7051384,-0.7062864,-0.70580995,-0.7065692,-0.706022,-0.7068783,-0.7053452,-0.706957,-0.7079048,-0.70655745,-0.7081709,-0.7087594,-0.7081777,-0.7083203,-0.70941126,-0.70726067,-0.7094981,-0.7081349,-0.7063404,-0.70882434,-0.70771724,-0.70540386,-0.70706886,-0.70394695,-0.7093007,-0.70287913,-0.70644116,-0.70780605,-0.70576036,-0.70291567,-0.7035378,-0.6987418,-0.7034567,-0.6960358,-0.6971772,-0.69160736,-0.70002425,-0.6938534,-0.7003446,-0.69700027,-0.69769764,-0.6850308,-0.6955131,-0.69310063,-0.69005084,-0.6770208,-0.68705696,-0.6881589,-0.6892027,-0.6770522,-0.6912534,-0.68270427,-0.6901148,-0.67790544,-0.6823748,-0.68551683,-0.5854647
403.09,-0.22154127,-0.07627243,0.0,0.049585123,0.1066886,0.13245644,0.16138937,0.17373139,0.1841906,0.19356228,0.19524045,0.19487958,0.21476217,0.23370819,0.24265249,0.25139257,0.25623932,0.2561703,0.2551625,0.2503812,0.24481618,0.24165301,0.24394049,0.2427686,0.24283041,0.24432775,0.24687807,0.24634191,0.24617013,0.24174581,0.23237753,0.22483325,0.21740052,0.2049791,0.1812939,0.14876372,0.109144896,0.06641263,0.016917394,-0.03987146,-0.09860605,-0.16039743,-0.21641836,-0.26633778,-0.30793986,-0.34208992,-0.36493322,-0.38179907,-0.3928783,-0.39937386,-0.4035935,-0.40770692,-0.41053537,-0.41217902,-0.41051054,-0.40574437,-0.3954499,-0.38295832,-0.3654667,-0.34349635,-0.32081518,-0.2989781,-0.27789977,-0.26044127,-0.2454454,-0.23418662,-0.22218147,-0.2125866,-0.2057109,-0.20120634,-0.19411038,-0.1845768,-0.17133445,-0.15505978,-0.1373911,-0.12326449,-0.107832365,-0.10163476,-0.09794279,-0.09760596,-0.09368999,-0.08416451,-0.066532806,-0.046272475,-0.018674653,0.0065629627,0.028469909,0.045388497,0.05918868,0.085826844,0.11495443,0.1465823,0.17003696,0.18471693,0.18894124,0.18663685,0.17441083,0.15009898,0.09413081,0.0050443783,-0.0928725,-0.20402855,-0.3039967,-0.39115968,-0.46127978,-0.5145407,-0.55856556,-0.59493816,-0.62475765,-0.6490972,-0.6704086,-0.68529785,-0.6983844,-0.7091613,-0.7158533,-0.72149736,-0.72693914,-0.7297735,-0.73153627,-0.73360336,-0.7352455,-0.7362424,-0.7369836,-0.74033767,-0.74034166,-0.73790985,-0.7376046,-0.7395289,-0.73909426,-0.739172,-0.73932904,-0.73892224,-0.7393856,-0.74000555,-0.73985523,-0.73976904,-0.7392734,-0.73957807,-0.7402002,-0.741117,-0.74139017,-0.7425268,-0.741786,-0.742474,-0.7414296,-0.74177295,-0.74208707,-0.7411354,-0.74216837,-0.7417459,-0.74241984,-0.7419316,-0.7427013,-0.7413222,-0.7427695,-0.7436081,-0.74240285,-0.74385035,-0.74437916,-0.7438528,-0.7439838,-0.74496794,-0.7430421,-0.74504375,-0.74381715,-0.7422159,-0.7444396,-0.743449,-0.7413722,-0.7428577,-0.74006134,-0.7448607,-0.73909795,-0.7423006,-0.7435111,-0.74166566,-0.73912805,-0.7396872,-0.7353996,-0.7396025,-0.73289967,-0.73390067,-0.72895885,-0.73648596,-0.7309476,-0.7367663,-0.73375064,-0.7344087,-0.7230482,-0.73244596,-0.7302942,-0.72759247,-0.7159017,-0.72490215,-0.72588956,-0.72683394,-0.7158993,-0.7286357,-0.7209713,-0.72764343,-0.7166493,-0.7206753,-0.7234867,-0.63273597
405.97,-0.26804003,-0.12535004,-0.049585123,0.0,0.057451762,0.083477534,0.11282258,0.12536384,0.13598749,0.14555931,0.14725879,0.1469139,0.16718714,0.18659458,0.1957569,0.20474571,0.20972253,0.20967562,0.2086544,0.20378344,0.1981012,0.1948642,0.19721055,0.19601832,0.196082,0.19762833,0.20023598,0.19970278,0.19954741,0.19502915,0.18543303,0.17771712,0.17013073,0.15745491,0.13333759,0.100285724,0.060196787,0.01714839,-0.032482583,-0.08912136,-0.14735955,-0.20825571,-0.26313367,-0.31177583,-0.3521255,-0.38512167,-0.40713128,-0.42334634,-0.4339841,-0.44021443,-0.44425938,-0.44820493,-0.45090947,-0.45248783,-0.45088738,-0.44631788,-0.43644604,-0.42445284,-0.40763235,-0.38646677,-0.36456105,-0.3434281,-0.32298633,-0.3060205,-0.29141995,-0.28044933,-0.26873532,-0.2593631,-0.25263777,-0.24822964,-0.24128473,-0.23194894,-0.21896304,-0.20297496,-0.18559378,-0.1716776,-0.15644918,-0.15032417,-0.1466773,-0.146343,-0.14246832,-0.1330392,-0.11556649,-0.09545716,-0.0679962,-0.042816177,-0.020913612,-0.0039639035,0.009879757,0.036662325,0.06603263,0.09802525,0.121807404,0.1367231,0.14100322,0.13864315,0.12621078,0.10154145,0.044969976,-0.044397205,-0.14169301,-0.25100365,-0.3482877,-0.4323225,-0.4993939,-0.55002725,-0.5916777,-0.6259489,-0.6539508,-0.6767477,-0.69666564,-0.71055114,-0.7227472,-0.73277205,-0.73899233,-0.74423456,-0.7492894,-0.7519195,-0.7535529,-0.75547045,-0.75699335,-0.75791806,-0.7586054,-0.76172274,-0.76171935,-0.75946033,-0.7591786,-0.76096326,-0.76056105,-0.76063097,-0.760782,-0.76039773,-0.7608283,-0.7614034,-0.7612653,-0.7611833,-0.7607243,-0.7610073,-0.7615854,-0.76243335,-0.7626872,-0.76374435,-0.7630546,-0.7636958,-0.76272,-0.76304394,-0.7633318,-0.7624514,-0.7634071,-0.76301306,-0.76364094,-0.76319194,-0.7639049,-0.76261795,-0.7639665,-0.7647455,-0.7636244,-0.7649713,-0.7654635,-0.7649728,-0.765095,-0.766005,-0.7642172,-0.76608294,-0.764945,-0.7634541,-0.76551723,-0.7646049,-0.76266944,-0.7640477,-0.76145154,-0.7659074,-0.76055133,-0.76352763,-0.76465017,-0.76293933,-0.7605841,-0.76110995,-0.7571102,-0.761005,-0.75475466,-0.7556699,-0.7510836,-0.7580941,-0.75296426,-0.758326,-0.7555487,-0.756175,-0.7456292,-0.75438154,-0.7523614,-0.74987304,-0.7389929,-0.7473829,-0.7482919,-0.7491693,-0.7389767,-0.7508419,-0.74371296,-0.74990356,-0.7396766,-0.7434213,-0.74601305,-0.6611034
408.85,-0.32018042,-0.18137524,-0.1066886,-0.057451762,0.0,0.02615924,0.055785034,0.068470955,0.07924537,0.08897184,0.090698615,0.090359665,0.11097294,0.13078006,0.1401593,0.14938322,0.1545057,0.15447257,0.15346088,0.14851107,0.14270122,0.13940862,0.1418038,0.14059393,0.14066264,0.14225432,0.14493382,0.14441098,0.14426228,0.13965537,0.12985125,0.12197124,0.11425235,0.10135861,0.07686603,0.043409843,0.0030133263,-0.04013909,-0.08961466,-0.14572115,-0.2030191,-0.26250806,-0.31575036,-0.3626596,-0.4013626,-0.43288118,-0.45384035,-0.46924052,-0.47932908,-0.48523366,-0.48906654,-0.49280208,-0.49535933,-0.49685156,-0.49534157,-0.49101493,-0.48166192,-0.4702852,-0.45430785,-0.43415427,-0.41324562,-0.393024,-0.3734121,-0.35709998,-0.34304056,-0.33245373,-0.32114062,-0.31207207,-0.3055634,-0.3012964,-0.2945617,-0.2855029,-0.2728905,-0.2573366,-0.24038461,-0.22679389,-0.21189062,-0.20588833,-0.20231181,-0.2019803,-0.19818191,-0.18892206,-0.17174381,-0.15192848,-0.12479588,-0.09983907,-0.078079194,-0.06120293,-0.047390267,-0.020607531,0.008867711,0.041088395,0.06511113,0.08019852,0.08452946,0.082124084,0.06951614,0.044567563,-0.012349699,-0.10147176,-0.19744727,-0.3039821,-0.3976764,-0.47776487,-0.541117,-0.5886193,-0.62748957,-0.65933037,-0.6852514,-0.70629483,-0.7246425,-0.7374071,-0.7486018,-0.7577955,-0.76348937,-0.76828814,-0.7729143,-0.7753179,-0.7768109,-0.7785649,-0.7799567,-0.7808029,-0.7814341,-0.78428435,-0.7842759,-0.78221273,-0.7819551,-0.7835897,-0.7832218,-0.78328806,-0.78342354,-0.78307325,-0.7834686,-0.7839908,-0.7838647,-0.7837889,-0.7833712,-0.78362507,-0.78415394,-0.78493744,-0.78516686,-0.7861317,-0.78549796,-0.78608716,-0.7851943,-0.78548723,-0.7857553,-0.7849429,-0.78582233,-0.78546405,-0.78603804,-0.7856269,-0.7862839,-0.7851008,-0.7863394,-0.7870481,-0.7860249,-0.7872597,-0.7877112,-0.7872586,-0.78736746,-0.78820574,-0.7865693,-0.78827816,-0.787235,-0.7858691,-0.7877636,-0.78692937,-0.78514737,-0.7864106,-0.784033,-0.78811336,-0.78320414,-0.7859398,-0.78696346,-0.7853976,-0.78323895,-0.7837225,-0.78005725,-0.78360546,-0.77785903,-0.77869934,-0.77448976,-0.7809291,-0.7762241,-0.781129,-0.77860695,-0.7791847,-0.7695093,-0.777564,-0.7757168,-0.77342105,-0.7634533,-0.7711675,-0.7719955,-0.77281797,-0.76346457,-0.77433604,-0.76778275,-0.77346385,-0.7640697,-0.7675002,-0.7698756,-0.6914873
411.74,-0.34324196,-0.20647301,-0.13245644,-0.083477534,-0.02615924,0.0,0.029682942,0.042405855,0.053223204,0.06299695,0.06473349,0.064402856,0.085127234,0.10507266,0.11453829,0.12383854,0.12901288,0.12898888,0.1279844,0.12300569,0.117157795,0.11383175,0.11624939,0.11503772,0.11510828,0.116714515,0.119421676,0.11890071,0.11875475,0.11411904,0.10423986,0.09629807,0.08853559,0.07556943,0.050954796,0.017383307,-0.023065088,-0.06616906,-0.115463786,-0.17120616,-0.22795522,-0.28669402,-0.33909896,-0.3851516,-0.42306083,-0.45387068,-0.47432974,-0.48935127,-0.49918362,-0.5049342,-0.5086634,-0.5123019,-0.51479393,-0.51624626,-0.514777,-0.5105634,-0.50145566,-0.4903679,-0.47478485,-0.45511225,-0.4346738,-0.41488743,-0.395686,-0.37969166,-0.36589563,-0.35550392,-0.3443848,-0.33547106,-0.3290723,-0.32487208,-0.31824407,-0.3093313,-0.2969108,-0.28157422,-0.2648544,-0.2514379,-0.23670866,-0.23077519,-0.22724178,-0.22690995,-0.22315435,-0.21398742,-0.19697548,-0.17733844,-0.15041094,-0.12560883,-0.10396176,-0.087156296,-0.07338753,-0.046664175,-0.017207934,0.0150480885,0.03913109,0.05426906,0.058616184,0.056193903,0.043530613,0.01851079,-0.03844356,-0.12726186,-0.22243401,-0.32752308,-0.41944364,-0.4976587,-0.55929226,-0.6053672,-0.6429786,-0.6737318,-0.6987252,-0.71899396,-0.7366457,-0.7489191,-0.7596723,-0.7685012,-0.77396244,-0.7785687,-0.7830068,-0.78531146,-0.7867436,-0.7884255,-0.7897592,-0.790573,-0.7911783,-0.79391533,-0.7939022,-0.7919217,-0.79167867,-0.7932476,-0.7928928,-0.79295695,-0.7930884,-0.7927503,-0.7931289,-0.79363096,-0.7935098,-0.7934367,-0.7930331,-0.7932771,-0.7937864,-0.7945343,-0.7947561,-0.7956823,-0.79507196,-0.79563934,-0.7947794,-0.7950651,-0.79532135,-0.7945457,-0.7953904,-0.7950434,-0.7955985,-0.79520136,-0.7958302,-0.7946983,-0.7958861,-0.7965634,-0.79558146,-0.7967724,-0.7972005,-0.7967636,-0.79687315,-0.7976813,-0.7961043,-0.7977471,-0.7967466,-0.79543334,-0.79725415,-0.7964502,-0.7947426,-0.7959517,-0.7936674,-0.7975855,-0.79287356,-0.7954987,-0.7964728,-0.7949699,-0.79290336,-0.793364,-0.7898446,-0.79325736,-0.7876977,-0.7885062,-0.78447646,-0.7906574,-0.7861521,-0.7908615,-0.78842485,-0.78899586,-0.7797265,-0.7874579,-0.7856887,-0.78348845,-0.77391773,-0.78131926,-0.7821243,-0.7828953,-0.7738961,-0.78437424,-0.77806383,-0.7835242,-0.77450126,-0.7777966,-0.78004855,-0.70449615
414.63,-0.36873356,-0.23452295,-0.16138937,-0.11282258,-0.055785034,-0.029682942,0.0,0.012740586,0.023584915,0.03339377,0.03513289,0.03480903,0.055621695,0.07569208,0.08521896,0.094603136,0.09983387,0.099813625,0.09881152,0.09380674,0.08792298,0.08457528,0.087009095,0.08579688,0.08586566,0.08749017,0.09021825,0.08970124,0.089558646,0.08490165,0.07494559,0.06695788,0.05915661,0.04612316,0.021418681,-0.012220602,-0.052649535,-0.09561496,-0.14461169,-0.1998347,-0.25585824,-0.31363693,-0.36500895,-0.41002014,-0.44697675,-0.47694877,-0.49682274,-0.5113964,-0.5209276,-0.5265015,-0.5301166,-0.53364277,-0.53605294,-0.5374594,-0.536038,-0.5319578,-0.5231329,-0.5123816,-0.49725887,-0.47815266,-0.45827234,-0.4390097,-0.42028767,-0.40468013,-0.39120206,-0.381046,-0.37016365,-0.36144444,-0.3551782,-0.35106128,-0.34456977,-0.33583227,-0.32364786,-0.30858997,-0.29215482,-0.27895555,-0.26445502,-0.2586097,-0.25512853,-0.25479987,-0.25110266,-0.24205898,-0.22527198,-0.20586759,-0.17922445,-0.15464643,-0.1331647,-0.1164701,-0.1027776,-0.07617072,-0.04679153,-0.014557325,0.009549193,0.024715662,0.029069716,0.026634786,0.013935021,-0.011121414,-0.06800579,-0.15630874,-0.25038964,-0.35365564,-0.44344297,-0.5194543,-0.5790978,-0.62353915,-0.6597271,-0.68926024,-0.7132206,-0.7326213,-0.7495059,-0.7612346,-0.7715056,-0.77993387,-0.78514194,-0.7895353,-0.7937689,-0.7959659,-0.79732966,-0.798933,-0.80020404,-0.8009806,-0.80155504,-0.804172,-0.80415255,-0.802265,-0.80203277,-0.8035314,-0.8031931,-0.80325353,-0.8033795,-0.8030556,-0.8034167,-0.8038948,-0.8037808,-0.80370975,-0.8033247,-0.80355626,-0.80403996,-0.8047558,-0.80497044,-0.80585396,-0.805267,-0.80580956,-0.8049933,-0.805263,-0.8055045,-0.8047644,-0.80557334,-0.8052413,-0.80577105,-0.8053965,-0.8059979,-0.8049129,-0.8060468,-0.80669254,-0.805758,-0.806893,-0.8073056,-0.80688304,-0.8069904,-0.80775946,-0.8062564,-0.8078254,-0.8068704,-0.80561906,-0.80735713,-0.80659145,-0.8049561,-0.80610716,-0.8039279,-0.80766743,-0.8031674,-0.8056748,-0.80660325,-0.8051742,-0.8031978,-0.8036422,-0.8002735,-0.80353105,-0.7981947,-0.7989705,-0.7951196,-0.80104715,-0.7967355,-0.80121106,-0.7989181,-0.7994561,-0.7905893,-0.7980053,-0.79631424,-0.7942169,-0.7850816,-0.7921541,-0.7929272,-0.79366386,-0.78506005,-0.795062,-0.78902537,-0.7942636,-0.7856102,-0.7887724,-0.7909176,-0.7184394
417.52,-0.37955418,-0.2464421,-0.17373139,-0.12536384,-0.068470955,-0.042405855,-0.012740586,0.0,0.010847791,0.020663304,0.022405589,0.022082048,0.04292059,0.0630326,0.072582714,0.08199668,0.08724331,0.08722456,0.0862245,0.08121331,0.075312704,0.071959406,0.07440303,0.073185585,0.07325657,0.074883796,0.07762495,0.07711181,0.076970704,0.07229954,0.06232204,0.05431488,0.046500374,0.033450663,0.008716709,-0.024934888,-0.06533641,-0.10822463,-0.15707214,-0.21205314,-0.26774254,-0.32509163,-0.37600532,-0.42055744,-0.4571007,-0.4867065,-0.5063287,-0.52070755,-0.53011113,-0.53560895,-0.5391723,-0.5426492,-0.5450277,-0.54641277,-0.54501057,-0.54098743,-0.5322834,-0.52167886,-0.5067604,-0.48789504,-0.46826395,-0.44922423,-0.430711,-0.41527134,-0.40193754,-0.39188135,-0.38111156,-0.37247032,-0.36625648,-0.3621788,-0.3557482,-0.34708568,-0.3350076,-0.32007617,-0.30376783,-0.2906566,-0.27626708,-0.27046004,-0.26700068,-0.2666737,-0.26299873,-0.2540151,-0.23733123,-0.21803245,-0.1915244,-0.16705486,-0.14564978,-0.12900881,-0.115354836,-0.088810064,-0.05947691,-0.027268048,-0.0031642173,0.012006132,0.016363142,0.013924358,0.0012163572,-0.023842178,-0.080667846,-0.16870217,-0.2622895,-0.36473697,-0.45359462,-0.52864915,-0.58743775,-0.63118225,-0.6667649,-0.6957787,-0.7192987,-0.7383387,-0.7548959,-0.7663953,-0.7764624,-0.7847214,-0.7898235,-0.7941266,-0.79827374,-0.8004266,-0.801761,-0.8033302,-0.8045773,-0.80533546,-0.8059032,-0.80846626,-0.8084471,-0.80659395,-0.8063708,-0.8078386,-0.80750793,-0.8075668,-0.80768865,-0.80737275,-0.80772686,-0.8081948,-0.80808246,-0.80801517,-0.8076389,-0.80786294,-0.8083393,-0.8090392,-0.8092472,-0.81011724,-0.8095431,-0.8100706,-0.80926675,-0.8095367,-0.80977327,-0.80904794,-0.8098417,-0.8095175,-0.81003267,-0.8096661,-0.8102564,-0.8091932,-0.8103055,-0.81093234,-0.81002,-0.81113434,-0.8115358,-0.81112224,-0.8112279,-0.8119859,-0.8105114,-0.8120489,-0.8111124,-0.8098874,-0.81158954,-0.8108443,-0.80923116,-0.81036556,-0.80823123,-0.8118985,-0.80748034,-0.8099455,-0.8108485,-0.80944645,-0.80751026,-0.80794996,-0.80464655,-0.80783206,-0.8026228,-0.8033689,-0.7995845,-0.8053988,-0.8011684,-0.80556214,-0.80330694,-0.8038502,-0.7951739,-0.80241895,-0.8007584,-0.7987104,-0.78974575,-0.7966941,-0.797445,-0.7981694,-0.78974205,-0.7995437,-0.7936394,-0.7987563,-0.7902847,-0.79336786,-0.7954688,-0.7243279
420.40,-0.38864934,-0.25652838,-0.1841906,-0.13598749,-0.07924537,-0.053223204,-0.023584915,-0.010847791,0.0,0.0098199155,0.011563569,0.011240216,0.03209437,0.052228104,0.06180252,0.07123149,0.0764923,0.076478936,0.07548014,0.07045857,0.064550996,0.061190788,0.06363822,0.062421117,0.062493607,0.06412406,0.06687073,0.06635727,0.066217944,0.06153705,0.0515432,0.043524195,0.035700426,0.022637345,-0.0021103595,-0.035760265,-0.07612211,-0.11892405,-0.16762252,-0.22237203,-0.27775642,-0.33472082,-0.3852252,-0.42937687,-0.46556103,-0.49485135,-0.51425767,-0.52846897,-0.53776217,-0.54319096,-0.54671293,-0.55015063,-0.55249804,-0.55386823,-0.5524843,-0.5485098,-0.53990805,-0.5294255,-0.51467675,-0.49602264,-0.47659796,-0.457759,-0.43942687,-0.42413256,-0.41092092,-0.40095326,-0.3902755,-0.3817073,-0.37554628,-0.37150213,-0.36512142,-0.35652792,-0.34454256,-0.32971814,-0.31352398,-0.3005096,-0.28620538,-0.28043187,-0.2769967,-0.27667278,-0.27302402,-0.26409128,-0.24750069,-0.22830695,-0.20191999,-0.17754644,-0.15622143,-0.1396391,-0.12602024,-0.09954026,-0.07025953,-0.038083084,-0.013991441,0.0011789238,0.0055365437,0.003093964,-0.009616587,-0.034668196,-0.09142382,-0.1791989,-0.272313,-0.37402973,-0.46207184,-0.5363083,-0.594372,-0.63752896,-0.6726022,-0.70118636,-0.7243424,-0.74307895,-0.75936943,-0.7706791,-0.7805793,-0.7886988,-0.7937145,-0.7979451,-0.80202144,-0.8041362,-0.8054492,-0.8069906,-0.8082175,-0.8089645,-0.80952126,-0.8120414,-0.8120228,-0.8102042,-0.80998623,-0.8114285,-0.8111037,-0.81115943,-0.8112812,-0.81097,-0.8113181,-0.8117793,-0.8116673,-0.8116004,-0.81123006,-0.81145084,-0.8119193,-0.8126092,-0.81281495,-0.8136692,-0.8131035,-0.8136239,-0.81283295,-0.8130966,-0.8133313,-0.8126192,-0.8133985,-0.81307936,-0.81358707,-0.8132267,-0.81380755,-0.8127622,-0.8138564,-0.81447184,-0.8135735,-0.81466883,-0.8150652,-0.81465685,-0.81476086,-0.8155079,-0.8140576,-0.81556994,-0.81464726,-0.8134417,-0.81511724,-0.81438273,-0.8128045,-0.81391484,-0.81181633,-0.81542176,-0.8110817,-0.8135016,-0.81439495,-0.8130177,-0.8111099,-0.81154203,-0.8082963,-0.81142855,-0.8063043,-0.80703396,-0.8033165,-0.8090355,-0.8048784,-0.8092079,-0.806979,-0.80751145,-0.79896474,-0.8061238,-0.8044897,-0.8024657,-0.7936623,-0.80049855,-0.8012184,-0.8019351,-0.79364425,-0.80327827,-0.7974748,-0.8025147,-0.7941887,-0.79720575,-0.7992793,-0.7292977
423.29,-0.3967103,-0.26553234,-0.19356228,-0.14555931,-0.08897184,-0.06299695,-0.03339377,-0.020663304,-0.0098199155,0.0,0.0017430552,0.001420952,0.022283694,0.042439222,0.052028224,0.06147736,0.06675218,0.06673877,0.06574201,0.06072117,0.05479981,0.051434454,0.05388517,0.052669715,0.052739844,0.05437675,0.057129685,0.056617264,0.056480438,0.051794685,0.041783337,0.03375259,0.025920203,0.0128446845,-0.011915733,-0.045563266,-0.08588808,-0.12861161,-0.17717497,-0.23171076,-0.28681403,-0.34342322,-0.39355364,-0.43734083,-0.4731899,-0.5021877,-0.5213914,-0.53545356,-0.5446432,-0.5500114,-0.553496,-0.5568946,-0.55921346,-0.56056887,-0.559198,-0.55526894,-0.54676634,-0.5363985,-0.5218087,-0.5033512,-0.4841196,-0.46546108,-0.4472981,-0.43214244,-0.4190418,-0.40915823,-0.39856133,-0.39006606,-0.38395268,-0.37993777,-0.37360308,-0.3650723,-0.3531709,-0.33844957,-0.32235715,-0.30942005,-0.2952027,-0.28946576,-0.28604615,-0.28572455,-0.2820901,-0.2732098,-0.25670254,-0.2375967,-0.2113244,-0.18704325,-0.16578983,-0.14925747,-0.13567346,-0.10925032,-0.080017194,-0.04787348,-0.02379229,-0.008623362,-0.0042658984,-0.006710543,-0.01942355,-0.044466704,-0.10115677,-0.18869261,-0.28139,-0.3824431,-0.4697438,-0.5432158,-0.60061336,-0.6432145,-0.67781276,-0.70599014,-0.7288014,-0.7472541,-0.7632885,-0.7744219,-0.7841606,-0.79215026,-0.7970833,-0.80124396,-0.80525166,-0.80733037,-0.80862266,-0.8101413,-0.81134343,-0.812081,-0.8126305,-0.8151118,-0.8150921,-0.8133028,-0.8130905,-0.81450886,-0.8141885,-0.81424654,-0.8143655,-0.8140588,-0.8144018,-0.8148562,-0.8147485,-0.8146797,-0.8143158,-0.81453305,-0.8149953,-0.81567174,-0.8158743,-0.8167143,-0.81615835,-0.8166723,-0.8158903,-0.81615245,-0.8163854,-0.81568354,-0.8164494,-0.8161365,-0.81663555,-0.8162827,-0.8168557,-0.8158244,-0.81690264,-0.81750834,-0.8166238,-0.81770325,-0.81809366,-0.8176932,-0.817794,-0.8185326,-0.81710416,-0.8185904,-0.81768674,-0.81649756,-0.8181516,-0.8174269,-0.8158712,-0.8169629,-0.8148965,-0.81844807,-0.81416744,-0.8165565,-0.8174346,-0.81607366,-0.8142027,-0.81463253,-0.8114292,-0.8145191,-0.8094572,-0.81018364,-0.80651975,-0.81216156,-0.8080566,-0.8123085,-0.8101356,-0.8106574,-0.8022665,-0.80931306,-0.8077011,-0.8057077,-0.79703104,-0.8037662,-0.80448055,-0.80519027,-0.79701763,-0.8065004,-0.8007941,-0.8057572,-0.7975509,-0.800537,-0.80256397,-0.7335669
426.19,-0.3981509,-0.26714998,-0.19524045,-0.14725879,-0.090698615,-0.06473349,-0.03513289,-0.022405589,-0.011563569,-0.0017430552,0.0,-0.00032272373,0.020541126,0.040699493,0.050293006,0.059743196,0.06501769,0.065000586,0.06400943,0.05897877,0.053055912,0.049690757,0.0521437,0.050925434,0.05099806,0.052633934,0.055388782,0.05487589,0.054736476,0.050045993,0.040036574,0.032002028,0.024169251,0.011094877,-0.013667416,-0.047311224,-0.08762518,-0.13032769,-0.17885974,-0.2333485,-0.28839263,-0.3449306,-0.39498854,-0.43870422,-0.4744926,-0.5034385,-0.5226035,-0.5366367,-0.5458085,-0.55116576,-0.5546418,-0.55803263,-0.56034654,-0.56170195,-0.56033236,-0.5564114,-0.54792553,-0.5375776,-0.5230165,-0.5045933,-0.4853963,-0.4667707,-0.44863835,-0.43350467,-0.42042863,-0.4105619,-0.3999795,-0.39149547,-0.38539058,-0.38138092,-0.3750589,-0.36653867,-0.35465437,-0.33995083,-0.32388058,-0.31095862,-0.2967584,-0.2910226,-0.28761423,-0.28729206,-0.283666,-0.2747943,-0.25830746,-0.23922181,-0.21297668,-0.18871486,-0.16747713,-0.15095448,-0.13737874,-0.11096848,-0.081749864,-0.049615804,-0.02553664,-0.010369106,-0.0060108295,-0.008455019,-0.021167206,-0.046208423,-0.1028801,-0.19035733,-0.28295454,-0.38387194,-0.47102818,-0.54436624,-0.60164034,-0.6441529,-0.6786743,-0.70678747,-0.7295509,-0.74796,-0.7639527,-0.7750587,-0.7847779,-0.7927445,-0.7976643,-0.8018144,-0.8058146,-0.8078889,-0.8091785,-0.81069124,-0.8118932,-0.81262785,-0.81317836,-0.8156559,-0.81563264,-0.8138481,-0.81363666,-0.8150538,-0.81473386,-0.8147913,-0.8149104,-0.8146034,-0.8149451,-0.8153969,-0.8152899,-0.81522334,-0.81486034,-0.81507534,-0.81553525,-0.8162134,-0.8164145,-0.81725395,-0.816701,-0.8172119,-0.8164312,-0.8166932,-0.816924,-0.81622416,-0.8169876,-0.81667733,-0.81717414,-0.81682056,-0.8173935,-0.8163646,-0.8174387,-0.8180459,-0.81716335,-0.81824255,-0.8186288,-0.8182252,-0.81832975,-0.81906635,-0.81763726,-0.8191246,-0.81822336,-0.81703776,-0.81868464,-0.8179625,-0.81640977,-0.8175038,-0.8154383,-0.8189829,-0.8147171,-0.8171002,-0.81797314,-0.8166195,-0.8147454,-0.8151746,-0.8119906,-0.8150723,-0.8100368,-0.81074905,-0.80709887,-0.8127094,-0.8086384,-0.812882,-0.8107068,-0.8112187,-0.80284315,-0.8098686,-0.8082618,-0.80628574,-0.7976233,-0.8043517,-0.8050605,-0.8057608,-0.79762065,-0.8070782,-0.8013933,-0.8063221,-0.7981543,-0.801115,-0.80314857,-0.7343249
429.08,-0.3977525,-0.26675612,-0.19487958,-0.1469139,-0.090359665,-0.064402856,-0.03480903,-0.022082048,-0.011240216,-0.001420952,0.00032272373,0.0,0.020865269,0.041023236,0.05061834,0.06006546,0.065345086,0.06533246,0.06433563,0.059308346,0.05338452,0.050015934,0.0524691,0.051250286,0.051321965,0.05295764,0.055715546,0.055202488,0.055061154,0.050371733,0.04035769,0.032322776,0.024488663,0.011411163,-0.013354816,-0.047002047,-0.08731796,-0.13002127,-0.17855231,-0.23303995,-0.288083,-0.3446176,-0.39467263,-0.4383901,-0.47417587,-0.5031214,-0.52228713,-0.5363225,-0.545493,-0.5508494,-0.5543257,-0.55771637,-0.5600323,-0.56138545,-0.5600179,-0.55609584,-0.5476122,-0.5372612,-0.5227015,-0.50427485,-0.48507926,-0.46645287,-0.4483235,-0.43318906,-0.42011154,-0.41024667,-0.39966497,-0.39117655,-0.38507685,-0.38106415,-0.37474188,-0.3662224,-0.35433513,-0.3396366,-0.32356146,-0.31064183,-0.29643726,-0.29070747,-0.2872965,-0.28697953,-0.2833526,-0.27448174,-0.25799572,-0.23891182,-0.21266598,-0.18840712,-0.16716662,-0.15063988,-0.13707061,-0.11065544,-0.08143632,-0.04930324,-0.025221657,-0.010052232,-0.005693506,-0.008138332,-0.020851068,-0.04589401,-0.10256981,-0.19005129,-0.28265122,-0.3835658,-0.47072363,-0.54406697,-0.60133934,-0.6438567,-0.67838037,-0.70649546,-0.7292569,-0.7476699,-0.7636619,-0.77477133,-0.7844909,-0.7924605,-0.79737794,-0.8015306,-0.80553186,-0.80760586,-0.80889404,-0.8104083,-0.81161106,-0.8123474,-0.81289756,-0.8153783,-0.8153563,-0.8135699,-0.81335807,-0.81477475,-0.8144554,-0.81451374,-0.8146342,-0.8143258,-0.8146683,-0.81512094,-0.8150139,-0.8149469,-0.81458294,-0.8147982,-0.8152595,-0.81593597,-0.81613827,-0.81697834,-0.8164253,-0.8169369,-0.8161566,-0.8164166,-0.81664884,-0.81594753,-0.8167174,-0.8164019,-0.8169015,-0.81654686,-0.81712085,-0.8160934,-0.817168,-0.8177718,-0.81689054,-0.81797147,-0.81835985,-0.817954,-0.8180586,-0.8187954,-0.81736547,-0.81885403,-0.81795216,-0.81676406,-0.81841403,-0.81769395,-0.8161371,-0.81722724,-0.8151667,-0.8187141,-0.81444424,-0.8168278,-0.8177032,-0.81634665,-0.8144725,-0.81490046,-0.81171095,-0.8148064,-0.8097577,-0.81046206,-0.80681056,-0.81244546,-0.8083641,-0.8126065,-0.81043625,-0.8109587,-0.8025837,-0.8096142,-0.8080038,-0.80602396,-0.79735744,-0.80409306,-0.80479646,-0.80549663,-0.79735017,-0.8068126,-0.8011184,-0.806072,-0.7978811,-0.8008567,-0.80288535,-0.73395854
431.97,-0.41487378,-0.28585842,-0.21476217,-0.16718714,-0.11097294,-0.085127234,-0.055621695,-0.04292059,-0.03209437,-0.022283694,-0.020541126,-0.020865269,0.0,0.020179799,0.029790929,0.039263293,0.044561625,0.044551704,0.043558,0.0385227,0.032588005,0.029215157,0.03167559,0.030455379,0.030528052,0.032171287,0.034934636,0.034425132,0.034289714,0.029592445,0.019557908,0.011510127,0.0036699818,-0.009414687,-0.034175325,-0.06777595,-0.107967764,-0.15046154,-0.1986651,-0.252657,-0.30707762,-0.36283672,-0.4120944,-0.45502523,-0.490112,-0.51844996,-0.5372018,-0.5509178,-0.5598776,-0.5651082,-0.56850445,-0.5718166,-0.5740793,-0.57539916,-0.5740652,-0.5702343,-0.5619471,-0.5518399,-0.5376087,-0.5195843,-0.50079364,-0.48254916,-0.4647734,-0.4499276,-0.437091,-0.42739892,-0.41699928,-0.4086623,-0.40265757,-0.39871195,-0.39249066,-0.3841068,-0.37240708,-0.35792756,-0.34208545,-0.32933822,-0.3153204,-0.30966327,-0.30629537,-0.30597514,-0.30239505,-0.2936327,-0.27733746,-0.25845215,-0.23246735,-0.20841928,-0.18734612,-0.17093708,-0.15744871,-0.13118462,-0.102095194,-0.070060484,-0.046026465,-0.030877097,-0.026523754,-0.028970476,-0.041672893,-0.06667238,-0.1231522,-0.21005638,-0.30169716,-0.4011629,-0.48673207,-0.55849046,-0.61438096,-0.6557763,-0.6893425,-0.71663576,-0.73871005,-0.7565537,-0.7720446,-0.7827961,-0.79220253,-0.7999096,-0.80466753,-0.8086807,-0.81254786,-0.8145513,-0.815798,-0.817261,-0.81842357,-0.8191356,-0.81966597,-0.82205755,-0.8220422,-0.8203204,-0.8201168,-0.82148594,-0.8211762,-0.8212301,-0.8213467,-0.8210505,-0.8213846,-0.82182014,-0.82171655,-0.82165134,-0.82130164,-0.8215067,-0.82195336,-0.822609,-0.8228016,-0.8236139,-0.82307684,-0.8235734,-0.82282084,-0.8230729,-0.8232972,-0.82261795,-0.8233616,-0.8230589,-0.8235428,-0.8232008,-0.8237522,-0.82275826,-0.82379943,-0.82438344,-0.8235285,-0.82457715,-0.8249537,-0.8245628,-0.82466185,-0.82537806,-0.8239941,-0.8254321,-0.8245612,-0.82341206,-0.8250079,-0.82431006,-0.82280225,-0.82385635,-0.82186306,-0.8252942,-0.82116145,-0.82347536,-0.8243166,-0.82300323,-0.8211971,-0.82161427,-0.8185257,-0.82150215,-0.8166021,-0.81729937,-0.8137781,-0.8192259,-0.815264,-0.81936306,-0.817264,-0.81778115,-0.80966437,-0.81647795,-0.8149212,-0.81301075,-0.804641,-0.8111436,-0.81183255,-0.8125091,-0.8046214,-0.81377953,-0.808272,-0.81306547,-0.8051358,-0.8080106,-0.8099608,-0.7431758
434.87,-0.43098193,-0.30399206,-0.23370819,-0.18659458,-0.13078006,-0.10507266,-0.07569208,-0.0630326,-0.052228104,-0.042439222,-0.040699493,-0.041023236,-0.020179799,0.0,0.009619918,0.019107936,0.024415432,0.024407022,0.023417445,0.018379161,0.012436757,0.009060809,0.011523951,0.010304251,0.010377986,0.012023913,0.014794694,0.014287418,0.014152534,0.00945202,-0.0005931355,-0.008645413,-0.016485667,-0.029565006,-0.054300062,-0.08782223,-0.12785552,-0.17010604,-0.21793902,-0.2714046,-0.32516557,-0.3801214,-0.4285622,-0.47070426,-0.505094,-0.532829,-0.5511644,-0.5645644,-0.57331866,-0.57842815,-0.58174175,-0.5849773,-0.5871814,-0.58847225,-0.58717054,-0.58343136,-0.5753413,-0.5654645,-0.5515594,-0.53393745,-0.5155473,-0.49768004,-0.48025784,-0.46569732,-0.4531022,-0.4435905,-0.4333773,-0.42518154,-0.41928104,-0.4153986,-0.40928322,-0.4010396,-0.38952813,-0.37526765,-0.35966203,-0.34709135,-0.3332702,-0.32769203,-0.32436508,-0.32405016,-0.32051522,-0.3118615,-0.29576644,-0.2771,-0.2513871,-0.22757179,-0.20668148,-0.19040042,-0.1770161,-0.15091418,-0.121980086,-0.090076394,-0.06611246,-0.050994918,-0.046650127,-0.04909615,-0.061775327,-0.086708955,-0.14293617,-0.22918464,-0.31981078,-0.41778925,-0.50175893,-0.57195836,-0.6264888,-0.6667962,-0.6994281,-0.7259403,-0.7473551,-0.7646512,-0.77966404,-0.79007834,-0.7991832,-0.8066455,-0.81124526,-0.81512797,-0.8188709,-0.82080865,-0.8220134,-0.82342964,-0.8245533,-0.8252427,-0.8257578,-0.82807577,-0.8280557,-0.8263878,-0.8261953,-0.8275207,-0.8272201,-0.82727337,-0.82738745,-0.82709867,-0.8274203,-0.8278412,-0.8277435,-0.82768023,-0.82734114,-0.8275383,-0.82797176,-0.8286063,-0.8287958,-0.8295814,-0.82905966,-0.8295408,-0.8288088,-0.8290557,-0.8292726,-0.8286158,-0.82933784,-0.8290443,-0.82951105,-0.82918173,-0.82971823,-0.82875425,-0.82976174,-0.830325,-0.8294999,-0.83051604,-0.8308775,-0.8304975,-0.83059436,-0.83129025,-0.8299503,-0.831346,-0.8305016,-0.82938826,-0.8309348,-0.8302605,-0.8287957,-0.8298156,-0.8278878,-0.83120996,-0.8272102,-0.829448,-0.83025885,-0.828993,-0.82724315,-0.8276446,-0.82464534,-0.82753575,-0.8227818,-0.8234462,-0.82002854,-0.8253102,-0.8214903,-0.82545435,-0.8234174,-0.8239164,-0.8160683,-0.8226665,-0.8211647,-0.81931746,-0.81120366,-0.81752056,-0.8181764,-0.818846,-0.81119245,-0.82006705,-0.8147262,-0.8193727,-0.8116781,-0.81446564,-0.81635374,-0.7514886
437.76,-0.43846503,-0.31250265,-0.24265249,-0.1957569,-0.1401593,-0.11453829,-0.08521896,-0.072582714,-0.06180252,-0.052028224,-0.050293006,-0.05061834,-0.029790929,-0.009619918,0.0,0.009490483,0.014801279,0.014794213,0.013805549,0.008767921,0.0028226397,-0.00055436866,0.0019100932,0.0006906238,0.00076437485,0.0024113643,0.005185346,0.004678808,0.0045445072,-0.00015748809,-0.010205619,-0.018258328,-0.026096985,-0.039171774,-0.06388952,-0.09736711,-0.13731459,-0.17943771,-0.22708331,-0.28028485,-0.3337173,-0.38828135,-0.43632233,-0.47808138,-0.5121322,-0.5395743,-0.5577101,-0.5709622,-0.5796126,-0.58466345,-0.58793926,-0.591139,-0.5933158,-0.594593,-0.5933068,-0.58960944,-0.5816151,-0.5718504,-0.5581038,-0.5406727,-0.5224781,-0.5047948,-0.48754764,-0.473122,-0.46064615,-0.45122027,-0.44109592,-0.43297228,-0.42712247,-0.42327234,-0.4172076,-0.40902787,-0.3976087,-0.38346288,-0.36796978,-0.35548997,-0.34175676,-0.33621663,-0.33291376,-0.33260038,-0.32908666,-0.3204939,-0.30449846,-0.28593707,-0.26036468,-0.23666255,-0.2158606,-0.19965133,-0.18631028,-0.16029581,-0.13144587,-0.09960498,-0.07567852,-0.060581002,-0.056241363,-0.058684897,-0.07134881,-0.09624452,-0.15233877,-0.23826145,-0.3283801,-0.42562988,-0.5088286,-0.57827044,-0.63214684,-0.6719335,-0.704123,-0.7302552,-0.75135636,-0.7683964,-0.7831754,-0.79342973,-0.80239207,-0.80973613,-0.81426156,-0.81808245,-0.8217657,-0.823671,-0.82485676,-0.82624954,-0.827355,-0.8280333,-0.8285403,-0.8308242,-0.83080256,-0.82916063,-0.8289713,-0.83027595,-0.8299812,-0.8300326,-0.8301444,-0.8298586,-0.830176,-0.8305916,-0.8304938,-0.8304311,-0.830096,-0.83029234,-0.8307201,-0.83134437,-0.8315295,-0.8323037,-0.83178985,-0.83226496,-0.83154136,-0.83178365,-0.83200055,-0.83135325,-0.8320648,-0.8317755,-0.8322351,-0.83190876,-0.8324392,-0.8314892,-0.8324833,-0.8330368,-0.83222485,-0.8332257,-0.8335819,-0.83320534,-0.83330405,-0.8339896,-0.83266544,-0.8340438,-0.83321065,-0.8321123,-0.8336374,-0.8329727,-0.8315314,-0.83253855,-0.8306346,-0.8339085,-0.8299648,-0.83217096,-0.83297247,-0.83172065,-0.8299946,-0.83039635,-0.82744247,-0.830282,-0.82559955,-0.8262483,-0.8228884,-0.8280953,-0.8243266,-0.8282213,-0.82622874,-0.82671905,-0.8189919,-0.82550484,-0.8240229,-0.822195,-0.81420416,-0.8204274,-0.82107514,-0.8217327,-0.8141923,-0.8229331,-0.81768286,-0.8222566,-0.8146799,-0.8174133,-0.8192668,-0.7552666
440.66,-0.44576946,-0.3208339,-0.25139257,-0.20474571,-0.14938322,-0.12383854,-0.094603136,-0.08199668,-0.07123149,-0.06147736,-0.059743196,-0.06006546,-0.039263293,-0.019107936,-0.009490483,0.0,0.005312861,0.005306167,0.0043188552,-0.00071969186,-0.006665857,-0.010042532,-0.007578077,-0.008796852,-0.008723253,-0.0070752082,-0.004300522,-0.0048059113,-0.0049391636,-0.00964119,-0.019689893,-0.027740618,-0.03557587,-0.048641533,-0.07333462,-0.10675783,-0.14660966,-0.18859355,-0.23604256,-0.2889675,-0.3420614,-0.39622182,-0.44385862,-0.4852317,-0.51894,-0.5460911,-0.5640288,-0.577128,-0.5856808,-0.5906717,-0.5939083,-0.59707135,-0.5992215,-0.60048395,-0.59921265,-0.59555954,-0.58765996,-0.5780062,-0.5644156,-0.5471797,-0.529181,-0.51167834,-0.4946035,-0.4803236,-0.46796256,-0.4586213,-0.4485887,-0.44053766,-0.43473837,-0.4309238,-0.42491004,-0.41679847,-0.4054732,-0.39143652,-0.3760604,-0.36366802,-0.35003957,-0.34453738,-0.34125808,-0.34094426,-0.33745962,-0.328919,-0.31302762,-0.2945738,-0.26913783,-0.24555288,-0.2248478,-0.20870903,-0.1954191,-0.16950136,-0.14073506,-0.10897557,-0.08509486,-0.070017904,-0.06568285,-0.06812408,-0.080771096,-0.10562525,-0.161567,-0.24713439,-0.33674613,-0.43325436,-0.5156754,-0.58436644,-0.63759875,-0.67687196,-0.7086221,-0.7343856,-0.7551756,-0.7719633,-0.78652364,-0.79661953,-0.80544406,-0.81267416,-0.81712794,-0.82088834,-0.82451344,-0.8263893,-0.8275557,-0.8289264,-0.8300145,-0.83068365,-0.8311817,-0.8334327,-0.833412,-0.83179575,-0.8316101,-0.8328954,-0.8326049,-0.8326559,-0.8327661,-0.8324852,-0.8327976,-0.83320653,-0.8331123,-0.8330499,-0.83272123,-0.83291215,-0.8333338,-0.83394784,-0.8341321,-0.8348936,-0.83438706,-0.83485776,-0.8341433,-0.8343831,-0.8345968,-0.8339593,-0.83465993,-0.83437395,-0.83482647,-0.8345086,-0.8350308,-0.8340934,-0.8350727,-0.83561635,-0.8348176,-0.8358049,-0.8361566,-0.83578515,-0.83588,-0.836559,-0.83525383,-0.83661264,-0.83579165,-0.83471024,-0.8362157,-0.8355594,-0.83413535,-0.8351288,-0.8332558,-0.83647937,-0.83259165,-0.83476967,-0.83555627,-0.83432484,-0.8326268,-0.8330229,-0.8301044,-0.832904,-0.82826954,-0.8289178,-0.8256048,-0.8307482,-0.8270291,-0.83086973,-0.82890755,-0.8294053,-0.8217837,-0.82820624,-0.8267493,-0.8249555,-0.81707406,-0.82320887,-0.82384664,-0.8244927,-0.81705505,-0.8256831,-0.8205031,-0.82500505,-0.8175464,-0.8202345,-0.82205236,-0.7589338
