,397.32,400.20,403.09,405.97,408.85,411.74,414.63,417.52,420.40,423.29,426.19,429.08,431.97,434.87,437.76,440.66,443.56,446.45,449.35,452.25,455.16,458.06,460.96,463.87,466.77,469.68,472.59,475.50,478.41,481.32,484.23,487.14,490.06,492.97,495.89,498.80,501.72,504.64,507.56,510.48,513.40,516.33,519.25,522.18,525.10,528.03,530.96,533.89,536.82,539.75,542.68,545.62,548.55,551.49,554.43,557.36,560.30,563.24,566.18,569.12,572.07,575.01,577.96,580.90,583.85,586.80,589.75,592.70,595.65,598.60,601.55,604.51,607.46,610.42,613.38,616.34,619.30,622.26,625.22,628.18,631.15,634.11,637.08,640.04,643.01,645.98,648.95,651.92,654.89,657.87,660.84,663.81,666.79,669.77,672.75,675.73,678.71,681.69,684.67,687.65,690.64,693.62,696.61,699.60,702.58,705.57,708.57,711.56,714.55,717.54,720.54,723.53,726.53,729.53,732.53,735.53,738.53,741.53,744.53,747.54,750.54,753.55,756.56,759.56,762.57,765.58,768.60,771.61,774.62,777.64,780.65,783.67,786.68,789.70,792.72,795.74,798.77,801.79,804.81,807.84,810.86,813.89,816.92,819.95,822.98,826.01,829.04,832.07,835.11,838.14,841.18,844.22,847.25,850.29,853.33,856.37,859.42,862.46,865.50,868.55,871.60,874.64,877.69,880.74,883.79,886.84,889.90,892.95,896.01,899.06,902.12,905.18,908.24,911.30,914.36,917.42,920.48,923.55,926.61,929.68,932.74,935.81,938.88,941.95,945.02,948.10,951.17,954.24,957.32,960.40,963.47,966.55,969.63,972.71,975.79,978.88,981.96,985.05,988.13,991.22,994.31,997.40,1000.49,1003.58
397.32,0.0,0.17545012,0.26909822,0.3234503,0.38120124,0.40796134,0.43348813,0.44692287,0.45549092,0.46533874,0.46559578,0.46504882,0.48280758,0.50503075,0.5163466,0.52917933,0.5386115,0.54709584,0.5552102,0.5566375,0.5598145,0.5616243,0.5650915,0.5643148,0.56338286,0.5661289,0.56895584,0.5705582,0.5748265,0.5748423,0.5694837,0.56814444,0.57201225,0.57375026,0.57170236,0.56517524,0.5578641,0.55125326,0.542661,0.52772254,0.51045686,0.48686168,0.4660312,0.44747534,0.42678154,0.40638432,0.39715132,0.38625652,0.37984797,0.3744209,0.37189215,0.36741588,0.36476412,0.36224392,0.36002737,0.35958707,0.36408266,0.36941972,0.37691936,0.3876596,0.39743224,0.40658638,0.41445935,0.42182913,0.42645606,0.42355764,0.42478287,0.42706552,0.42643118,0.42318884,0.42202255,0.42240977,0.42400518,0.4253372,0.4281204,0.42833057,0.43378094,0.4307374,0.42827746,0.4228433,0.42137378,0.42470396,0.43444455,0.44333774,0.45337307,0.46175432,0.46725705,0.46985295,0.46889794,0.47942168,0.4910011,0.4981113,0.49939495,0.5030517,0.5048967,0.49815428,0.48866844,0.4765908,0.44753438,0.40050378,0.35732895,0.28126046,0.19606113,0.09675697,-0.0010607832,-0.08582866,-0.1645515,-0.23612608,-0.30309877,-0.35979736,-0.40635762,-0.44048876,-0.4729989,-0.4995752,-0.5201869,-0.5358892,-0.5506579,-0.56038547,-0.56721884,-0.57409894,-0.57992667,-0.5848861,-0.586788,-0.5914398,-0.6001771,-0.5997159,-0.59859616,-0.60151887,-0.6014637,-0.6026584,-0.60347253,-0.6036503,-0.6050389,-0.6065553,-0.60763526,-0.6081619,-0.6082998,-0.6090217,-0.6109012,-0.6123217,-0.61354685,-0.6147207,-0.6156691,-0.6172287,-0.61574626,-0.6170225,-0.61676854,-0.6159781,-0.6178187,-0.6172077,-0.61851233,-0.6184035,-0.6194712,-0.61807317,-0.62033486,-0.62187666,-0.62049854,-0.6229222,-0.62330383,-0.62316734,-0.6232766,-0.6248846,-0.6232705,-0.626446,-0.6252059,-0.623317,-0.6266124,-0.6254406,-0.6234215,-0.62668675,-0.62420577,-0.631749,-0.6233163,-0.6302767,-0.6318309,-0.6300678,-0.62743056,-0.6282321,-0.62489426,-0.6331601,-0.63373166,-0.6406738,-0.6298841,-0.6409718,-0.6350645,-0.64058334,-0.636795,-0.6389546,-0.62397283,-0.63382035,-0.6310019,-0.6233897,-0.60846555,-0.6208866,-0.62458026,-0.6241667,-0.61154336,-0.6278428,-0.6213994,-0.62882125,-0.6195428,-0.62401986,-0.6312635,-0.54117423
400.20,-0.17545012,0.0,0.09855677,0.15747844,0.22148435,0.251678,0.28076163,0.2961723,0.30614737,0.31757176,0.317736,0.31721342,0.3379116,0.36396807,0.3774311,0.39268696,0.40403506,0.414185,0.42406046,0.42573154,0.42954892,0.431795,0.43593645,0.43500403,0.43390572,0.43725085,0.440728,0.44267246,0.44793838,0.4478872,0.44141844,0.43974012,0.44444916,0.4465325,0.4441041,0.43623048,0.42744455,0.41952896,0.40932816,0.39160252,0.3712993,0.34383264,0.3199327,0.2989273,0.2756335,0.2527858,0.24272092,0.23065999,0.2236463,0.21766992,0.2149567,0.21007827,0.20720738,0.20445177,0.20195305,0.20137037,0.20624389,0.21203402,0.2201643,0.2319546,0.24266985,0.25277013,0.26151502,0.26969284,0.27486232,0.27134565,0.27265263,0.27519086,0.27437723,0.27062577,0.2692414,0.26960295,0.27134243,0.27273017,0.27579352,0.2759879,0.2821482,0.2786357,0.27572152,0.26950434,0.26786152,0.27157158,0.2826774,0.29279646,0.30424505,0.31385627,0.32016677,0.32313803,0.32200015,0.3342639,0.34773248,0.35595146,0.3574482,0.36176032,0.36399114,0.3560714,0.3449557,0.3308512,0.29713434,0.2436076,0.1956299,0.11287729,0.02299366,-0.07845432,-0.17501539,-0.2560736,-0.32930955,-0.39424345,-0.45366627,-0.50288075,-0.5425511,-0.5712275,-0.59828246,-0.62016445,-0.63702023,-0.64978206,-0.66173494,-0.6695833,-0.6750767,-0.68061525,-0.68530184,-0.68928134,-0.6908014,-0.6945458,-0.70153445,-0.7011739,-0.70027834,-0.7026181,-0.70259005,-0.7035356,-0.70419157,-0.7043372,-0.7054457,-0.7066547,-0.70750713,-0.70792514,-0.708045,-0.70862,-0.7101121,-0.71124315,-0.7122142,-0.71314204,-0.7138932,-0.7151302,-0.71395373,-0.71497405,-0.7147662,-0.7141459,-0.7156014,-0.7151253,-0.7161505,-0.7160752,-0.7169223,-0.71581215,-0.71760815,-0.71881133,-0.71773696,-0.7196479,-0.71994865,-0.7198341,-0.71992457,-0.72119176,-0.7199228,-0.7224262,-0.72144496,-0.7199521,-0.7225584,-0.72163785,-0.72002345,-0.72259694,-0.72065187,-0.7266043,-0.7199494,-0.7254261,-0.7266404,-0.72525156,-0.7232058,-0.7238198,-0.72119707,-0.72765106,-0.7280272,-0.7334125,-0.7250492,-0.7337407,-0.72904533,-0.73342186,-0.7304524,-0.7321562,-0.720416,-0.7281759,-0.72597456,-0.72001785,-0.70824075,-0.7180497,-0.72093296,-0.72060895,-0.7106417,-0.7235116,-0.7184541,-0.7242839,-0.71691954,-0.7204822,-0.72612256,-0.65400064
403.09,-0.26909822,-0.09855677,0.0,0.05993705,0.12587094,0.15732306,0.18786953,0.2041932,0.21471307,0.2268232,0.22698554,0.22644012,0.24844056,0.2763199,0.29083216,0.3073068,0.31954643,0.3305603,0.3413263,0.34320238,0.34731647,0.3497466,0.35427403,0.35329795,0.35210913,0.35575876,0.35959575,0.3617624,0.36754707,0.36747646,0.36039814,0.35855642,0.363727,0.36600232,0.3633578,0.35478958,0.34519464,0.3366383,0.32564804,0.3065167,0.284759,0.25551426,0.23029578,0.20828077,0.18399255,0.16024294,0.1499388,0.13749488,0.13030061,0.12414943,0.12139849,0.11640713,0.11348297,0.11065668,0.10804906,0.107376665,0.11236496,0.11825981,0.12655729,0.1386538,0.14965919,0.16006187,0.169091,0.17758074,0.18293372,0.17911394,0.1804189,0.18304339,0.18214116,0.17816472,0.1766802,0.1770076,0.1787931,0.1801903,0.18335003,0.18351607,0.18996434,0.18625878,0.18314853,0.17660686,0.17490977,0.17875472,0.19044107,0.20106357,0.21309735,0.22324449,0.2299283,0.2330419,0.23183642,0.24483365,0.25921533,0.26794708,0.26952597,0.27412137,0.27652743,0.26805478,0.25616485,0.24113375,0.2053887,0.14926066,0.09961178,0.015131066,-0.075025365,-0.17496242,-0.26828164,-0.3453018,-0.41388303,-0.4738886,-0.52818996,-0.57267267,-0.6082028,-0.6337241,-0.6576729,-0.6769612,-0.6917647,-0.7029389,-0.71339065,-0.72024417,-0.7250242,-0.72984505,-0.73393214,-0.73739094,-0.7387116,-0.74199,-0.7480465,-0.74773103,-0.74696004,-0.7489992,-0.7489737,-0.749799,-0.75036395,-0.7504952,-0.7514586,-0.7525107,-0.75324637,-0.7536079,-0.7537182,-0.7542078,-0.755508,-0.7564838,-0.75732845,-0.7581353,-0.7587782,-0.75985307,-0.7588288,-0.75972295,-0.75954765,-0.7590099,-0.76027226,-0.75986487,-0.76074433,-0.76067936,-0.7614136,-0.7604572,-0.7620071,-0.76304615,-0.762122,-0.7637623,-0.76402676,-0.7639303,-0.76401746,-0.76511097,-0.76401484,-0.7661755,-0.76532423,-0.7640354,-0.7662834,-0.7654955,-0.76408553,-0.76629394,-0.7646223,-0.76977885,-0.76401544,-0.7687492,-0.7697887,-0.7685906,-0.7668317,-0.7673719,-0.7650931,-0.770618,-0.7708745,-0.7754957,-0.76830417,-0.77581525,-0.7717786,-0.7755534,-0.77299035,-0.7744916,-0.7643226,-0.771068,-0.7691417,-0.7640556,-0.7538824,-0.76237684,-0.7648268,-0.76456815,-0.7559343,-0.767052,-0.762672,-0.7677092,-0.761332,-0.76442623,-0.7692752,-0.70633423
405.97,-0.3234503,-0.15747844,-0.05993705,0.0,0.06650859,0.09842604,0.12958165,0.14625835,0.15706195,0.16947202,0.16960704,0.16909184,0.19173157,0.22048885,0.23553811,0.252623,0.26539794,0.27684897,0.2881427,0.29004657,0.29436383,0.29692453,0.3016667,0.30063325,0.29940167,0.30323374,0.3072695,0.30952594,0.31565094,0.3155603,0.3081385,0.3062107,0.31161675,0.31398848,0.31127053,0.302326,0.29229498,0.28340468,0.2720018,0.25216877,0.22966379,0.19954802,0.17373273,0.15130207,0.12659582,0.10249619,0.09214509,0.07957299,0.07233412,0.0661268,0.06337818,0.058353476,0.05542594,0.05257805,0.049925156,0.049207896,0.05421508,0.060120735,0.06844638,0.08062763,0.091707215,0.10220688,0.11134025,0.119929075,0.12535256,0.12137799,0.12267199,0.12533869,0.124360435,0.120287165,0.118744135,0.11905073,0.12084663,0.122220255,0.12541205,0.12556845,0.13213746,0.12833034,0.12513027,0.118452094,0.1167263,0.120625645,0.13256767,0.1433932,0.15569498,0.16607921,0.17292427,0.17611945,0.17486238,0.18824017,0.20305555,0.21200758,0.21365033,0.21839428,0.22088951,0.21212636,0.19986756,0.1843837,0.14768595,0.09045232,0.040258437,-0.044499543,-0.13399982,-0.23214905,-0.3227685,-0.39681536,-0.46220532,-0.51896036,-0.56998336,-0.61153454,-0.64456475,-0.6681968,-0.6903161,-0.70807767,-0.7216849,-0.7319421,-0.7415291,-0.74779767,-0.752176,-0.75658476,-0.760325,-0.763491,-0.76468956,-0.76768994,-0.7732036,-0.7729192,-0.7722226,-0.7740878,-0.7740679,-0.7748138,-0.77533376,-0.7754516,-0.7763339,-0.77728945,-0.7779647,-0.7782883,-0.7783908,-0.77883995,-0.7800256,-0.78091115,-0.78168887,-0.7824229,-0.7830014,-0.7839826,-0.7830425,-0.78386533,-0.7837024,-0.7832109,-0.7843645,-0.78399974,-0.7847981,-0.7847443,-0.78541553,-0.7845396,-0.78594756,-0.786892,-0.7860521,-0.787552,-0.7877927,-0.7877031,-0.7877798,-0.78877616,-0.7877826,-0.7897479,-0.78896934,-0.78778994,-0.78984284,-0.7891243,-0.78783196,-0.78982294,-0.7883229,-0.7930242,-0.78775316,-0.7920653,-0.793005,-0.7919227,-0.79033345,-0.7908179,-0.7887417,-0.7937245,-0.793885,-0.7980674,-0.7915851,-0.79842323,-0.7947323,-0.7981735,-0.79582,-0.7972076,-0.78795743,-0.79412377,-0.79238486,-0.7877678,-0.7784938,-0.7862365,-0.78845894,-0.7882307,-0.78034914,-0.790482,-0.7865033,-0.7910882,-0.78526384,-0.7880644,-0.7924723,-0.73471034
408.85,-0.38120124,-0.22148435,-0.12587094,-0.06650859,0.0,0.032155205,0.063681625,0.080614775,0.09163711,0.10430078,0.10440086,0.10388845,0.1270586,0.15654548,0.1720771,0.18972088,0.20297651,0.21483865,0.22661242,0.2286103,0.23306952,0.23577002,0.24067296,0.23960821,0.23833579,0.24236062,0.2465748,0.24894443,0.25534648,0.25524694,0.24753347,0.24549264,0.25114134,0.2536096,0.25079542,0.24147573,0.2310737,0.22186023,0.21005799,0.18956159,0.1664228,0.13557488,0.10932217,0.086619884,0.061670415,0.037406534,0.027095335,0.014500719,0.0072758677,0.001064687,-0.0016541759,-0.006666338,-0.00957297,-0.012412238,-0.015094346,-0.01585136,-0.010875543,-0.0050164755,0.0032542218,0.015419692,0.026486725,0.03699379,0.046154715,0.054781377,0.060228806,0.056119304,0.057391815,0.06007484,0.05904591,0.054889396,0.053301383,0.05358633,0.055372935,0.056720126,0.059925035,0.06005648,0.066715874,0.06283637,0.05957417,0.05280172,0.051061332,0.055004764,0.067108445,0.07808586,0.09058104,0.101142876,0.108115815,0.111369215,0.110082276,0.12375525,0.13892508,0.14807607,0.14974804,0.15462098,0.15720047,0.14818892,0.13559748,0.11975607,0.08230465,0.024376139,-0.025979623,-0.11028318,-0.19827712,-0.29365075,-0.38064805,-0.450995,-0.51255864,-0.5655716,-0.61289483,-0.6512017,-0.6815082,-0.7031071,-0.72326714,-0.73940754,-0.75175464,-0.76104665,-0.76972157,-0.7753906,-0.7793402,-0.7833227,-0.7866999,-0.78955495,-0.7906311,-0.79333615,-0.7982983,-0.79804474,-0.7974227,-0.7991054,-0.7990874,-0.79975647,-0.80022466,-0.8003292,-0.8011276,-0.8019893,-0.80258906,-0.80288005,-0.80297595,-0.80337554,-0.80444294,-0.8052453,-0.80594033,-0.80659986,-0.80711997,-0.8080013,-0.8071545,-0.8079033,-0.8077468,-0.80731106,-0.8083516,-0.80802405,-0.80874103,-0.8086882,-0.8092938,-0.8085021,-0.8097741,-0.81062454,-0.80987173,-0.81121135,-0.8114335,-0.81134516,-0.8114264,-0.81231487,-0.81141776,-0.8131887,-0.8124852,-0.81142193,-0.8132788,-0.8126293,-0.8114482,-0.81324035,-0.8118935,-0.81613404,-0.811384,-0.8152586,-0.8161049,-0.8151296,-0.8136951,-0.81413704,-0.8122696,-0.816733,-0.8168124,-0.82055205,-0.8147757,-0.82091296,-0.81756973,-0.8206805,-0.8185838,-0.8198275,-0.81152004,-0.81708324,-0.8155116,-0.8113886,-0.80307186,-0.8100181,-0.8120038,-0.8117914,-0.8046968,-0.81380683,-0.810238,-0.81435907,-0.8091118,-0.81163347,-0.815586,-0.76326364
411.74,-0.40796134,-0.251678,-0.15732306,-0.09842604,-0.032155205,0.0,0.031606834,0.04861487,0.05970044,0.07244297,0.07254766,0.072038636,0.095368475,0.12514393,0.14087568,0.15874088,0.17218529,0.18423523,0.1962011,0.19823714,0.20277841,0.20552555,0.21050188,0.20944883,0.20814767,0.21224618,0.21656466,0.21897817,0.22552241,0.22539215,0.21754295,0.21546479,0.22123103,0.22376037,0.22088677,0.21142508,0.20083089,0.19148894,0.17953618,0.15877202,0.13538101,0.1042618,0.0778582,0.055094175,0.030093309,0.0058149453,-0.0044483496,-0.01702118,-0.024222102,-0.030415965,-0.033112977,-0.038107026,-0.040991362,-0.04382581,-0.046512175,-0.0472821,-0.042335406,-0.036515497,-0.028291622,-0.016168509,-0.0051333513,0.00534957,0.014495738,0.02312363,0.028568283,0.024399122,0.025661971,0.028341388,0.027292257,0.023108685,0.021501925,0.021773683,0.023552207,0.024888081,0.028090917,0.028212342,0.03489414,0.030993342,0.027706677,0.02091164,0.019168848,0.023119742,0.035273675,0.046297207,0.05884719,0.06946611,0.076474436,0.07974337,0.07844893,0.092229605,0.107524775,0.116745695,0.11842137,0.12334332,0.12595211,0.11684358,0.1041248,0.08815196,0.050459754,-0.007632988,-0.057912022,-0.14174536,-0.22877434,-0.32258132,-0.40765697,-0.4761107,-0.5357588,-0.5869314,-0.6324607,-0.66921365,-0.6982366,-0.7188727,-0.7381216,-0.7535084,-0.76526934,-0.7741097,-0.78236294,-0.78775424,-0.7915066,-0.7952925,-0.79850185,-0.80121315,-0.802231,-0.80480456,-0.80950946,-0.8092745,-0.8086796,-0.81028104,-0.8102658,-0.8108972,-0.81134504,-0.81144094,-0.8121976,-0.8130215,-0.8135856,-0.81386536,-0.81395614,-0.8143343,-0.81534666,-0.8161085,-0.8167707,-0.817394,-0.81788254,-0.8187268,-0.817919,-0.81863385,-0.8184844,-0.818072,-0.8190579,-0.81874514,-0.81942403,-0.8193788,-0.8199523,-0.81920254,-0.8204054,-0.82121384,-0.8205027,-0.8217741,-0.82198256,-0.8218959,-0.82197416,-0.82281876,-0.8219719,-0.82364875,-0.82298017,-0.82197064,-0.8237351,-0.823108,-0.8219797,-0.8236795,-0.8224026,-0.82643557,-0.8219168,-0.8255945,-0.82639235,-0.8254731,-0.824124,-0.8245339,-0.8227494,-0.82695377,-0.82701415,-0.83053666,-0.8250866,-0.830896,-0.8277242,-0.8306749,-0.8286881,-0.829877,-0.8220002,-0.8272996,-0.82580215,-0.82189333,-0.8139973,-0.8206047,-0.8224667,-0.8222918,-0.8155338,-0.8242021,-0.82080495,-0.8247256,-0.8197255,-0.82211226,-0.82585216,-0.7759506
414.63,-0.43348813,-0.28076163,-0.18786953,-0.12958165,-0.063681625,-0.031606834,0.0,0.017041618,0.028156038,0.040949468,0.0410489,0.040542006,0.06398969,0.09397614,0.109856345,0.12790994,0.14150693,0.15370175,0.1658495,0.16790178,0.17250827,0.17530948,0.18035701,0.17928992,0.17797887,0.18214656,0.18653645,0.18900007,0.19564301,0.19552796,0.18754797,0.18543375,0.19130933,0.19386728,0.19096558,0.18135422,0.17061873,0.16116358,0.14908323,0.12809654,0.104505606,0.073192514,0.0467093,0.02393266,-0.001058366,-0.025290614,-0.035483576,-0.04800235,-0.055156514,-0.06132184,-0.06399191,-0.068957165,-0.07181609,-0.0746326,-0.0773182,-0.07810569,-0.07319483,-0.06743059,-0.05927207,-0.047220185,-0.036248222,-0.02581539,-0.01669925,-0.0080961045,-0.0026690357,-0.0068795886,-0.0056348345,-0.0029621588,-0.00403062,-0.008226488,-0.009847317,-0.00959,-0.007823106,-0.0065032523,-0.0033078708,-0.0031961426,0.003496143,-0.00042140423,-0.0037191086,-0.010521978,-0.012262231,-0.008312297,0.0038616902,0.014897839,0.02747633,0.03812899,0.04516348,0.048442215,0.047135066,0.06097983,0.07637925,0.085648865,0.08733079,0.09228621,0.09492375,0.0857317,0.07291929,0.05685264,0.019008132,-0.03910517,-0.08919545,-0.17238529,-0.25829238,-0.3504088,-0.43346715,-0.4999968,-0.55773145,-0.6070751,-0.6508482,-0.6860919,-0.71386224,-0.7335796,-0.7519432,-0.7666075,-0.7778092,-0.7862225,-0.7940746,-0.79920244,-0.8027688,-0.8063649,-0.8094198,-0.81199783,-0.8129627,-0.81541115,-0.8198748,-0.8196509,-0.81909317,-0.8206171,-0.82060057,-0.8212011,-0.82162637,-0.8217193,-0.82243955,-0.8232206,-0.82375914,-0.8240223,-0.82410777,-0.824469,-0.8254326,-0.8261541,-0.8267827,-0.8273749,-0.82783526,-0.8286401,-0.8278752,-0.8285534,-0.8284081,-0.828016,-0.82896006,-0.8286625,-0.82931024,-0.8292686,-0.82981014,-0.82909715,-0.8302404,-0.8310108,-0.83033067,-0.83153737,-0.8317367,-0.83165526,-0.83172977,-0.8325313,-0.8317306,-0.8333194,-0.83268136,-0.8317231,-0.8334007,-0.83280635,-0.8317296,-0.833338,-0.83213556,-0.8359671,-0.83166605,-0.8351511,-0.83590615,-0.83503836,-0.8337627,-0.8341555,-0.8324605,-0.8364304,-0.83644354,-0.8397898,-0.8346212,-0.84016365,-0.83712316,-0.83993644,-0.8380488,-0.8391923,-0.8317057,-0.83675104,-0.8353253,-0.83163816,-0.82414216,-0.8304151,-0.83217955,-0.83202344,-0.8255956,-0.8338313,-0.8305888,-0.8343235,-0.8295516,-0.8318301,-0.8353726,-0.7877828
417.52,-0.44692287,-0.2961723,-0.2041932,-0.14625835,-0.080614775,-0.04861487,-0.017041618,0.0,0.011124749,0.02392779,0.02402696,0.023521619,0.047008015,0.07708127,0.093026616,0.11116472,0.12482719,0.13710277,0.14932546,0.15140572,0.15602888,0.15884124,0.16392717,0.16285697,0.16154823,0.16574535,0.17017038,0.17265712,0.17936589,0.17924722,0.1712007,0.16907652,0.17498188,0.17757396,0.17465329,0.16497497,0.15416692,0.14466617,0.13253972,0.11144679,0.087776184,0.056396417,0.029898813,0.007132763,-0.017819997,-0.04200355,-0.05214812,-0.06462607,-0.07174705,-0.07789522,-0.080544375,-0.08549085,-0.08833241,-0.091137335,-0.09382007,-0.094615,-0.08972904,-0.083997324,-0.07588312,-0.06387956,-0.05294954,-0.04255399,-0.033463813,-0.024883432,-0.01947039,-0.02370424,-0.022467237,-0.019801857,-0.02087783,-0.025081407,-0.026705798,-0.02645752,-0.024697779,-0.023392128,-0.020205801,-0.020097809,-0.013412145,-0.017336195,-0.020635929,-0.027433818,-0.02917499,-0.025230022,-0.013061049,-0.0020273193,0.010549791,0.021206593,0.028239548,0.03152417,0.030217068,0.044079456,0.059514925,0.068807915,0.070493825,0.075454995,0.078097574,0.06887819,0.056035057,0.039929103,0.0020421585,-0.056020472,-0.10595025,-0.1887093,-0.2739228,-0.36505002,-0.4469827,-0.5124472,-0.5691485,-0.6175157,-0.66035473,-0.6948143,-0.7219337,-0.7411724,-0.75908065,-0.7733731,-0.7842866,-0.79248095,-0.8001286,-0.8051226,-0.80859286,-0.8120938,-0.81506747,-0.8175758,-0.81851274,-0.82089853,-0.82524234,-0.8250273,-0.8244815,-0.82596725,-0.8259504,-0.82653403,-0.8269494,-0.82703793,-0.82774127,-0.82850206,-0.8290216,-0.82927704,-0.8293656,-0.8297126,-0.8306501,-0.8313535,-0.83196944,-0.8325434,-0.83299065,-0.8337719,-0.83302796,-0.83368754,-0.8335518,-0.8331675,-0.83408064,-0.8337987,-0.8344246,-0.8343815,-0.8349119,-0.8342183,-0.83532876,-0.83607405,-0.83542204,-0.8365951,-0.83678424,-0.8367095,-0.8367822,-0.83755827,-0.83677626,-0.83833116,-0.8377043,-0.83677006,-0.83840555,-0.83782226,-0.83677495,-0.83833504,-0.8371766,-0.84090114,-0.83670914,-0.84010196,-0.84083253,-0.83998907,-0.8387555,-0.83913374,-0.8374771,-0.84132814,-0.8413301,-0.84457916,-0.8395617,-0.8449421,-0.8419979,-0.84472734,-0.84290093,-0.84399897,-0.8367095,-0.8416144,-0.8402538,-0.83667284,-0.82938635,-0.835474,-0.83719695,-0.8370389,-0.8307889,-0.83878946,-0.83565116,-0.83926725,-0.83463717,-0.8368503,-0.8402934,-0.7939126
420.40,-0.45549092,-0.30614737,-0.21471307,-0.15706195,-0.09163711,-0.05970044,-0.028156038,-0.011124749,0.0,0.012810594,0.012907206,0.012404348,0.03591331,0.06602863,0.08201652,0.100201376,0.11391872,0.12623279,0.13851811,0.1406041,0.14525354,0.14808552,0.15318845,0.15211602,0.15080152,0.15502028,0.15947782,0.16197307,0.1687341,0.16860005,0.16052705,0.15838383,0.16432841,0.1669255,0.16399683,0.15426297,0.14341226,0.13387686,0.121697426,0.10054317,0.076820135,0.045396533,0.018893719,-0.0038513942,-0.02877053,-0.052908957,-0.06301228,-0.075449914,-0.08254667,-0.08867641,-0.09131148,-0.09624137,-0.09907086,-0.10186465,-0.10454398,-0.10534381,-0.10047865,-0.0947753,-0.08670078,-0.074740075,-0.063849054,-0.05348783,-0.04442154,-0.035862364,-0.030462272,-0.034706373,-0.033479672,-0.03081991,-0.031903673,-0.036109347,-0.037738964,-0.037494782,-0.03574055,-0.03444281,-0.031263582,-0.03115828,-0.02447471,-0.02839905,-0.031698648,-0.038496427,-0.04023334,-0.036291167,-0.024127262,-0.013095757,-0.0005183852,0.0101425,0.017182415,0.020467127,0.019158443,0.033040147,0.048494358,0.057798255,0.059486903,0.06445843,0.0671045,0.057860106,0.044996623,0.02886852,-0.009039803,-0.06705504,-0.11686884,-0.19932255,-0.28406253,-0.37451395,-0.45568937,-0.520437,-0.576452,-0.6241712,-0.6663925,-0.70032305,-0.7270161,-0.7459414,-0.76354796,-0.77760065,-0.788323,-0.7963719,-0.8038875,-0.80879295,-0.81219774,-0.8156402,-0.81856006,-0.8210248,-0.8219419,-0.8242895,-0.82855225,-0.8283416,-0.8278075,-0.8292672,-0.829251,-0.82982385,-0.83023065,-0.83032125,-0.8310093,-0.83175546,-0.8322669,-0.83251864,-0.8326075,-0.8329495,-0.8338667,-0.8345617,-0.8351622,-0.8357285,-0.83617,-0.8369359,-0.83620393,-0.83685493,-0.83671737,-0.8363399,-0.8372407,-0.8369619,-0.83757854,-0.837537,-0.83805907,-0.83737713,-0.8384688,-0.83920175,-0.83855486,-0.8397077,-0.83989877,-0.8398232,-0.83989495,-0.840659,-0.8398873,-0.8414105,-0.8407994,-0.8398832,-0.8414871,-0.8409216,-0.8398853,-0.8414171,-0.8402804,-0.84394014,-0.83982116,-0.84314924,-0.8438664,-0.84304595,-0.84182847,-0.8421986,-0.8405773,-0.8443516,-0.84433144,-0.8475163,-0.8426221,-0.84790075,-0.8449966,-0.84769005,-0.8458941,-0.84698325,-0.8398188,-0.84464556,-0.84329164,-0.8397926,-0.83263505,-0.8386104,-0.84029907,-0.8401578,-0.8340129,-0.84188354,-0.83878213,-0.8423272,-0.8377817,-0.8399633,-0.8433372,-0.79770774
423.29,-0.46533874,-0.31757176,-0.2268232,-0.16947202,-0.10430078,-0.07244297,-0.040949468,-0.02392779,-0.012810594,0.0,9.605125e-05,-0.00040616174,0.023113014,0.053272232,0.069298714,0.08752979,0.101294495,0.11365464,0.12599917,0.12809409,0.13276118,0.135611,0.1407354,0.1396602,0.13833715,0.14259113,0.14705488,0.1495772,0.15636195,0.15623325,0.14812255,0.14596643,0.15194586,0.15455905,0.15161641,0.14184111,0.13094182,0.12138012,0.10916703,0.08794399,0.0641755,0.032715403,0.0062149954,-0.016503027,-0.041388363,-0.06547701,-0.075541325,-0.087945506,-0.09501438,-0.10112362,-0.10374706,-0.10866176,-0.11147562,-0.11426173,-0.11693687,-0.1177429,-0.11289802,-0.10722516,-0.0991849,-0.08726854,-0.076414466,-0.06608627,-0.057044722,-0.04850367,-0.04311859,-0.047374237,-0.046154562,-0.043502644,-0.044592343,-0.04879975,-0.050432965,-0.050194707,-0.048449267,-0.04715884,-0.04398547,-0.043887958,-0.037208974,-0.041137166,-0.04443728,-0.051227957,-0.052963838,-0.049027,-0.036872268,-0.025849918,-0.013278784,-0.0026216197,0.004418976,0.0077007213,0.006389374,0.020281052,0.035753645,0.045069467,0.04675701,0.051740866,0.05438742,0.045132056,0.032239024,0.016095685,-0.021828542,-0.079774804,-0.1294446,-0.2115373,-0.29571688,-0.38538203,-0.46567023,-0.52960813,-0.58481723,-0.63179934,-0.6733138,-0.7066499,-0.732852,-0.7514165,-0.76868683,-0.78245527,-0.7929656,-0.80085444,-0.80821615,-0.8130218,-0.81635743,-0.81972927,-0.82259136,-0.8250035,-0.8259024,-0.82820237,-0.83237976,-0.8321761,-0.831652,-0.83308357,-0.8330716,-0.83363056,-0.8340315,-0.83412087,-0.83479536,-0.83552647,-0.83602864,-0.8362743,-0.8363593,-0.8366961,-0.83759725,-0.83827615,-0.83886504,-0.83941907,-0.8398492,-0.8405983,-0.83988416,-0.8405249,-0.84038854,-0.8400198,-0.8409041,-0.8406325,-0.841232,-0.8411968,-0.84169906,-0.8410377,-0.84210557,-0.84282446,-0.84219205,-0.8433189,-0.8435064,-0.84342796,-0.84350157,-0.8442532,-0.84350026,-0.8449917,-0.84439117,-0.84349084,-0.84506273,-0.8445077,-0.8434899,-0.8449902,-0.84387594,-0.84746397,-0.8434285,-0.84668934,-0.8473924,-0.84658206,-0.84539676,-0.8457583,-0.84416085,-0.8478525,-0.8478367,-0.8509447,-0.8461571,-0.8513208,-0.84847814,-0.8511151,-0.84935987,-0.8504193,-0.84341156,-0.84815246,-0.84682053,-0.84339905,-0.8363871,-0.8422442,-0.8438912,-0.84375644,-0.83773243,-0.8454337,-0.8424027,-0.8458867,-0.8414212,-0.8435523,-0.84684646,-0.802099
426.19,-0.46559578,-0.317736,-0.22698554,-0.16960704,-0.10440086,-0.07254766,-0.0410489,-0.02402696,-0.012907206,-9.605125e-05,0.0,-0.00050176505,0.023017582,0.053178735,0.06920351,0.087433375,0.10119777,0.11355403,0.1258868,0.12798642,0.13265626,0.13550383,0.14063351,0.13955304,0.1382357,0.14247783,0.14695416,0.14947252,0.1562592,0.15613079,0.14801683,0.14586665,0.15184039,0.15445921,0.15150829,0.14174233,0.13084011,0.121282734,0.109069906,0.08785227,0.064083956,0.03262544,0.006123161,-0.016596606,-0.04148458,-0.06557499,-0.075637974,-0.08804434,-0.09511226,-0.10122461,-0.103847705,-0.108761236,-0.11157646,-0.11435971,-0.11703661,-0.11784391,-0.11299808,-0.1073249,-0.099281766,-0.087366425,-0.07651095,-0.06618157,-0.05713957,-0.048598666,-0.043213084,-0.04746963,-0.04624933,-0.04359705,-0.044687342,-0.048896037,-0.050527565,-0.05028888,-0.048544098,-0.047253568,-0.044079345,-0.0439806,-0.03730434,-0.04123134,-0.044532914,-0.051326007,-0.053062726,-0.04912523,-0.03696869,-0.025944354,-0.013370909,-0.0027127666,0.0043259203,0.0076108337,0.0062967543,0.0201922,0.035666116,0.044982582,0.04666789,0.051652662,0.054294817,0.04503912,0.032147735,0.016004456,-0.02192439,-0.079880595,-0.12956467,-0.21167468,-0.29588473,-0.38556552,-0.46586058,-0.5297879,-0.5849893,-0.63196695,-0.67347324,-0.70679986,-0.7329895,-0.7515479,-0.768809,-0.7825732,-0.793078,-0.80096555,-0.80832297,-0.8131284,-0.81646365,-0.81983364,-0.8226938,-0.8251071,-0.82600945,-0.8283084,-0.83248574,-0.83227986,-0.8317573,-0.8331876,-0.8331762,-0.8337372,-0.83413863,-0.8342254,-0.8349005,-0.835634,-0.83613497,-0.8363814,-0.83646655,-0.8368019,-0.837703,-0.8383805,-0.8389715,-0.83952475,-0.83995694,-0.84070414,-0.839992,-0.8406294,-0.8404965,-0.84012794,-0.841009,-0.84073585,-0.84133756,-0.84130204,-0.8418049,-0.8411445,-0.8422085,-0.8429305,-0.8422975,-0.8434263,-0.8436131,-0.84353423,-0.8436072,-0.8443539,-0.8436047,-0.8450945,-0.8444949,-0.84359854,-0.8451682,-0.84461033,-0.8436011,-0.845103,-0.8439834,-0.84756994,-0.843539,-0.84680545,-0.8475009,-0.8466866,-0.8455058,-0.84587,-0.84427947,-0.8479775,-0.8479726,-0.8510862,-0.8462854,-0.851451,-0.84861445,-0.8512426,-0.84948504,-0.85056067,-0.84354395,-0.8482752,-0.84695023,-0.84351945,-0.8365123,-0.8423745,-0.84402364,-0.84387505,-0.8378588,-0.84556085,-0.84253067,-0.8460207,-0.84155643,-0.8436837,-0.84699076,-0.8023045
429.08,-0.46504882,-0.31721342,-0.22644012,-0.16909184,-0.10388845,-0.072038636,-0.040542006,-0.023521619,-0.012404348,0.00040616174,0.00050176505,0.0,0.02351891,0.05367967,0.069703184,0.087929666,0.101703696,0.11405182,0.12639683,0.12848777,0.13315804,0.13600408,0.14113776,0.14005971,0.13874362,0.14298348,0.14746392,0.14998636,0.15677185,0.15664434,0.14852783,0.14637646,0.1523429,0.15496355,0.15200801,0.14224072,0.13134041,0.12177457,0.10955903,0.08833968,0.06457245,0.033119146,0.0066230493,-0.016089903,-0.040965177,-0.06504431,-0.0751019,-0.08749812,-0.09456414,-0.10066988,-0.103292115,-0.108203225,-0.11101706,-0.113795176,-0.11647521,-0.1172819,-0.112439215,-0.10677494,-0.098737784,-0.08682911,-0.075979546,-0.065657,-0.056619804,-0.048084572,-0.042702038,-0.046959337,-0.04574065,-0.04308918,-0.04417943,-0.0483877,-0.05002201,-0.04978266,-0.04803877,-0.04674986,-0.043574918,-0.043479417,-0.036804248,-0.040730894,-0.044033952,-0.05082786,-0.052563976,-0.048628654,-0.036473416,-0.025452672,-0.01287973,-0.0022212095,0.0048186835,0.008102444,0.006789178,0.020684836,0.036159128,0.045475878,0.047160294,0.052143928,0.05479049,0.045535237,0.032641344,0.016498532,-0.02142815,-0.079375364,-0.12904531,-0.21114185,-0.29533684,-0.38501123,-0.46531254,-0.52925915,-0.58448094,-0.6314769,-0.67301387,-0.70636153,-0.7325751,-0.751149,-0.76842654,-0.78220564,-0.79272014,-0.80061567,-0.8079822,-0.81279004,-0.81613034,-0.8195051,-0.82237065,-0.8247869,-0.8256902,-0.8279939,-0.83217645,-0.8319704,-0.83144915,-0.8328821,-0.83287215,-0.8334323,-0.83383536,-0.8339231,-0.8345998,-0.83533484,-0.83583444,-0.83608323,-0.8361693,-0.8365048,-0.8374077,-0.83809066,-0.8386777,-0.8392359,-0.83966434,-0.840415,-0.83970004,-0.84034336,-0.8402082,-0.8398355,-0.8407218,-0.84045035,-0.84105116,-0.84101385,-0.841522,-0.84085727,-0.841924,-0.84264773,-0.842009,-0.84314585,-0.843331,-0.84325075,-0.84332746,-0.84407824,-0.84332407,-0.8448176,-0.84421724,-0.84331787,-0.8448884,-0.84433174,-0.84332335,-0.84481776,-0.8437009,-0.847293,-0.8432589,-0.8465291,-0.84722716,-0.8464119,-0.8452281,-0.8455867,-0.8440035,-0.8476991,-0.8477039,-0.8508182,-0.84601074,-0.851172,-0.84834373,-0.8509824,-0.8492218,-0.85029536,-0.8432684,-0.8480158,-0.84668016,-0.84325635,-0.83622986,-0.8421036,-0.843748,-0.84360707,-0.837582,-0.8452907,-0.84225976,-0.8457399,-0.84128207,-0.8434231,-0.8467155,-0.8019674
431.97,-0.48280758,-0.3379116,-0.24844056,-0.19173157,-0.1270586,-0.095368475,-0.06398969,-0.047008015,-0.03591331,-0.023113014,-0.023017582,-0.02351891,0.0,0.030203415,0.04628188,0.06458213,0.07842156,0.090848595,0.1032871,0.10538883,0.11009344,0.11297426,0.11813185,0.117049865,0.115727484,0.12001695,0.1245256,0.12707067,0.13392738,0.13379785,0.12561294,0.123443,0.12946865,0.13211244,0.12915492,0.11931105,0.10833656,0.09872011,0.08644362,0.06512798,0.04128776,0.009783535,-0.01669044,-0.039345022,-0.06414063,-0.08811844,-0.098099254,-0.11041878,-0.11743055,-0.12350068,-0.12609643,-0.1309738,-0.13376002,-0.13652368,-0.13919123,-0.14000116,-0.1352008,-0.12958978,-0.12162468,-0.10979825,-0.099025026,-0.08876829,-0.07978042,-0.07128646,-0.0659322,-0.07020427,-0.06899988,-0.06636292,-0.067460775,-0.0716673,-0.07330568,-0.07307784,-0.07134586,-0.07007156,-0.066914454,-0.066825,-0.060162153,-0.06408712,-0.06738576,-0.07416138,-0.075895466,-0.07196923,-0.059839543,-0.048840962,-0.036285274,-0.02563785,-0.018605152,-0.015320475,-0.01663724,-0.0027364239,0.012759482,0.022082487,0.023768684,0.028763013,0.03141369,0.022131873,0.009212285,-0.0069468617,-0.044858724,-0.102626994,-0.15201291,-0.23338845,-0.3165239,-0.404727,-0.48340085,-0.54583377,-0.59960663,-0.64524335,-0.6855001,-0.71776766,-0.7431013,-0.76102626,-0.77769184,-0.7909715,-0.80109894,-0.80870134,-0.81579685,-0.82042533,-0.8236377,-0.82688636,-0.8296456,-0.83197135,-0.83283174,-0.835055,-0.83907866,-0.83888274,-0.8383816,-0.8397625,-0.8397515,-0.8402914,-0.84067947,-0.840764,-0.8414168,-0.8421222,-0.8426046,-0.84283924,-0.84292716,-0.8432487,-0.8441163,-0.84477293,-0.845342,-0.84587264,-0.8462876,-0.847007,-0.84631944,-0.84693825,-0.8468081,-0.8464531,-0.8473032,-0.8470452,-0.84762114,-0.84758633,-0.8480768,-0.84743345,-0.84845895,-0.8491558,-0.84854525,-0.8496337,-0.8498145,-0.8497355,-0.8498117,-0.8505321,-0.84980905,-0.8512411,-0.8506626,-0.84979934,-0.85131174,-0.850773,-0.84979403,-0.8512313,-0.850166,-0.8536238,-0.84973866,-0.85287756,-0.8535454,-0.8527646,-0.8516274,-0.8519725,-0.8504491,-0.85398567,-0.85396385,-0.8569541,-0.8523509,-0.8573232,-0.8545789,-0.85712236,-0.85543,-0.85646504,-0.84970623,-0.8542765,-0.85299796,-0.8497085,-0.8429643,-0.848604,-0.8501878,-0.85004765,-0.8442579,-0.8516659,-0.8487593,-0.8521046,-0.84781176,-0.8498642,-0.8530326,-0.8098497
434.87,-0.50503075,-0.36396807,-0.2763199,-0.22048885,-0.15654548,-0.12514393,-0.09397614,-0.07708127,-0.06602863,-0.053272232,-0.053178735,-0.05367967,-0.030203415,0.0,0.01610772,0.034467764,0.048366603,0.060858592,0.07337471,0.07549713,0.08023146,0.08313537,0.088332,0.087248445,0.08592086,0.09024445,0.09480162,0.097371794,0.10429656,0.10416184,0.09591535,0.09372468,0.09980669,0.10247212,0.09949115,0.089580275,0.07852697,0.06886381,0.056545146,0.035151836,0.011279789,-0.02020286,-0.04658122,-0.0690997,-0.09372168,-0.117499,-0.12734622,-0.13953714,-0.14646211,-0.15246616,-0.15501986,-0.15984027,-0.16258381,-0.16531365,-0.1679681,-0.16878961,-0.16405697,-0.15853514,-0.15068552,-0.13900204,-0.12835382,-0.11821383,-0.10931603,-0.1009036,-0.095600784,-0.099888146,-0.098708294,-0.0960966,-0.0972066,-0.101402946,-0.10304504,-0.10283034,-0.101123035,-0.09987144,-0.09673722,-0.09665962,-0.09003457,-0.09395027,-0.09723313,-0.103972755,-0.1056949,-0.10179135,-0.08972203,-0.07878024,-0.066273235,-0.055663377,-0.048655134,-0.045375634,-0.046693657,-0.032813143,-0.017330645,-0.008007578,-0.0063285567,-0.0013339851,0.0013139476,-0.007979894,-0.02090729,-0.0370492,-0.07485724,-0.13227248,-0.18117677,-0.26147926,-0.34313312,-0.4293571,-0.5058768,-0.566363,-0.61827487,-0.662198,-0.70084375,-0.73176485,-0.75599617,-0.77311766,-0.78902274,-0.8016827,-0.8113354,-0.8185759,-0.8253308,-0.82973975,-0.83279645,-0.8358856,-0.8385129,-0.84072554,-0.841545,-0.8436601,-0.84748375,-0.84729993,-0.8468235,-0.84814006,-0.84813076,-0.84864306,-0.84901494,-0.8490922,-0.8497158,-0.8503882,-0.85084385,-0.85107034,-0.8511539,-0.8514583,-0.8522845,-0.8529085,-0.85344803,-0.85395575,-0.8543481,-0.8550369,-0.85438144,-0.85496914,-0.8548471,-0.8545074,-0.8553178,-0.855073,-0.85561997,-0.85558754,-0.8560515,-0.855444,-0.8564189,-0.8570801,-0.85650176,-0.8575355,-0.85770744,-0.857633,-0.8577047,-0.8583894,-0.8577025,-0.8590671,-0.8585131,-0.85769236,-0.8591318,-0.8586223,-0.8576839,-0.85905254,-0.8580403,-0.86132586,-0.85762686,-0.8606134,-0.86124897,-0.86050564,-0.8594323,-0.8597619,-0.8583007,-0.861648,-0.8616034,-0.86444336,-0.86008304,-0.8648068,-0.8622027,-0.86462265,-0.8630093,-0.86400324,-0.85757387,-0.8619325,-0.86070955,-0.8576088,-0.85118604,-0.8565524,-0.8580463,-0.8579295,-0.852407,-0.8594558,-0.85668725,-0.8598709,-0.8557692,-0.8577393,-0.86073565,-0.81953895
437.76,-0.5163466,-0.3774311,-0.29083216,-0.23553811,-0.1720771,-0.14087568,-0.109856345,-0.093026616,-0.08201652,-0.069298714,-0.06920351,-0.069703184,-0.04628188,-0.01610772,0.0,0.01837424,0.03229253,0.0448092,0.057364233,0.059492067,0.06424076,0.067159094,0.072369166,0.07128832,0.069954395,0.07430149,0.078878246,0.08146438,0.08842409,0.088276856,0.07999924,0.077800475,0.08391328,0.08659296,0.08360635,0.07365816,0.06256778,0.052888718,0.0405539,0.019131681,-0.0047415094,-0.03619331,-0.06249797,-0.084929936,-0.10944114,-0.13309473,-0.14286579,-0.15497719,-0.16184752,-0.16781542,-0.1703454,-0.17513469,-0.17785421,-0.18056601,-0.18320906,-0.18403068,-0.17933787,-0.17386988,-0.16608894,-0.15449211,-0.1439205,-0.13385147,-0.12500817,-0.11664057,-0.11137519,-0.11566849,-0.114500664,-0.111908086,-0.11301983,-0.11721046,-0.11885291,-0.1186453,-0.11695405,-0.1157166,-0.11259806,-0.11252583,-0.1059221,-0.10982743,-0.11310143,-0.119814225,-0.121535055,-0.11764496,-0.10561916,-0.09470889,-0.08224069,-0.071658865,-0.06466644,-0.0613934,-0.06271336,-0.048853796,-0.03338772,-0.024072101,-0.022398364,-0.017408349,-0.014764287,-0.024055779,-0.03697808,-0.053099066,-0.090815894,-0.1479839,-0.19658759,-0.27626818,-0.35707206,-0.4422042,-0.5175386,-0.5769748,-0.62788874,-0.6708952,-0.7086843,-0.7388858,-0.7625413,-0.77924305,-0.79474854,-0.80708504,-0.8164874,-0.82354164,-0.83011997,-0.83441275,-0.8373872,-0.8403949,-0.84295326,-0.84510905,-0.8459043,-0.84796727,-0.8516874,-0.8515082,-0.8510462,-0.8523311,-0.8523219,-0.85281944,-0.8531825,-0.8532596,-0.8538681,-0.85452217,-0.8549653,-0.85518456,-0.85526717,-0.85556275,-0.85636663,-0.856977,-0.85750216,-0.8579959,-0.8583766,-0.859047,-0.85840803,-0.8589836,-0.8588624,-0.85853255,-0.85932285,-0.85908383,-0.8596174,-0.8595893,-0.86003876,-0.85944897,-0.8603953,-0.861041,-0.860477,-0.86148274,-0.8616522,-0.861577,-0.8616498,-0.86231494,-0.8616471,-0.8629742,-0.862436,-0.86163485,-0.86303926,-0.8625401,-0.86162317,-0.86294967,-0.86197066,-0.86517864,-0.86156905,-0.8644741,-0.865093,-0.86437,-0.8633288,-0.86364794,-0.86222196,-0.86546975,-0.8654196,-0.86815983,-0.8639316,-0.86853874,-0.8659951,-0.86835855,-0.8667833,-0.8677561,-0.8614955,-0.8657548,-0.8645585,-0.8615437,-0.8553016,-0.8605224,-0.8619682,-0.86185986,-0.8564732,-0.8633366,-0.8606389,-0.8637539,-0.85974497,-0.86166227,-0.86457956,-0.824343
440.66,-0.52917933,-0.39268696,-0.3073068,-0.252623,-0.18972088,-0.15874088,-0.12790994,-0.11116472,-0.100201376,-0.08752979,-0.087433375,-0.087929666,-0.06458213,-0.034467764,-0.01837424,0.0,0.013929706,0.026464915,0.039044917,0.04118299,0.04594008,0.048870355,0.054094844,0.053011466,0.051675927,0.056036424,0.060634565,0.063228406,0.070218824,0.07007641,0.06177325,0.05956263,0.06570337,0.06838846,0.06539328,0.05542082,0.044303805,0.03461197,0.02226952,0.00083687744,-0.023016572,-0.054406703,-0.0806135,-0.102925934,-0.1272988,-0.15079269,-0.16047296,-0.17248426,-0.17929538,-0.185219,-0.18771802,-0.19246526,-0.19515318,-0.19784376,-0.20046952,-0.2012969,-0.19665071,-0.19123733,-0.18354204,-0.17204325,-0.16156371,-0.1515786,-0.14280145,-0.13449596,-0.12927088,-0.13356303,-0.13241094,-0.12983668,-0.13095537,-0.13513237,-0.13677275,-0.13657446,-0.13489462,-0.13367195,-0.13057849,-0.13050623,-0.12393705,-0.12783393,-0.13108571,-0.13776632,-0.13947584,-0.13560152,-0.12363778,-0.11277963,-0.10035981,-0.08981739,-0.08285688,-0.07958829,-0.08090593,-0.06708248,-0.0516514,-0.04235257,-0.0406848,-0.035704266,-0.03306743,-0.042349923,-0.05525388,-0.07133592,-0.10891661,-0.16576657,-0.21401654,-0.29292145,-0.37273142,-0.45656988,-0.530548,-0.5887926,-0.6385828,-0.680566,-0.7173998,-0.7468106,-0.7698282,-0.78606564,-0.8011321,-0.81311184,-0.822241,-0.8290868,-0.83547264,-0.8396394,-0.84252405,-0.84544307,-0.8479278,-0.85001844,-0.85078776,-0.85279083,-0.8564003,-0.85622925,-0.8557797,-0.85702777,-0.8570219,-0.857504,-0.8578549,-0.85792994,-0.85852116,-0.8591592,-0.85958767,-0.8597987,-0.8598802,-0.86016685,-0.8609499,-0.8615395,-0.8620489,-0.86252666,-0.8628953,-0.8635454,-0.8629271,-0.86348635,-0.8633691,-0.8630488,-0.8638128,-0.8635845,-0.8641023,-0.8640755,-0.8645103,-0.863937,-0.864857,-0.8654836,-0.86493784,-0.8659117,-0.86607504,-0.8660003,-0.86607504,-0.8667196,-0.8660731,-0.86735624,-0.86683553,-0.8660591,-0.8674212,-0.8669373,-0.86604637,-0.86732876,-0.8663821,-0.8694939,-0.8659897,-0.8688108,-0.8694057,-0.8687054,-0.8676964,-0.86800677,-0.8666262,-0.86976224,-0.86968935,-0.8723524,-0.8682626,-0.87272954,-0.8702654,-0.8725536,-0.87103087,-0.87197554,-0.8659014,-0.8700436,-0.86888325,-0.8659612,-0.8599057,-0.8649714,-0.866372,-0.8662701,-0.86104167,-0.86769927,-0.865082,-0.8680988,-0.86421174,-0.86607015,-0.868896,-0.82978183
