,397.32,400.20,403.09,405.97,408.85,411.74,414.63,417.52,420.40,423.29,426.19,429.08,431.97,434.87,437.76,440.66,443.56,446.45,449.35,452.25,455.16,458.06,460.96,463.87,466.77,469.68,472.59,475.50,478.41,481.32,484.23,487.14,490.06,492.97,495.89,498.80,501.72,504.64,507.56,510.48,513.40,516.33,519.25,522.18,525.10,528.03,530.96,533.89,536.82,539.75,542.68,545.62,548.55,551.49,554.43,557.36,560.30,563.24,566.18,569.12,572.07,575.01,577.96,580.90,583.85,586.80,589.75,592.70,595.65,598.60,601.55,604.51,607.46,610.42,613.38,616.34,619.30,622.26,625.22,628.18,631.15,634.11,637.08,640.04,643.01,645.98,648.95,651.92,654.89,657.87,660.84,663.81,666.79,669.77,672.75,675.73,678.71,681.69,684.67,687.65,690.64,693.62,696.61,699.60,702.58,705.57,708.57,711.56,714.55,717.54,720.54,723.53,726.53,729.53,732.53,735.53,738.53,741.53,744.53,747.54,750.54,753.55,756.56,759.56,762.57,765.58,768.60,771.61,774.62,777.64,780.65,783.67,786.68,789.70,792.72,795.74,798.77,801.79,804.81,807.84,810.86,813.89,816.92,819.95,822.98,826.01,829.04,832.07,835.11,838.14,841.18,844.22,847.25,850.29,853.33,856.37,859.42,862.46,865.50,868.55,871.60,874.64,877.69,880.74,883.79,886.84,889.90,892.95,896.01,899.06,902.12,905.18,908.24,911.30,914.36,917.42,920.48,923.55,926.61,929.68,932.74,935.81,938.88,941.95,945.02,948.10,951.17,954.24,957.32,960.40,963.47,966.55,969.63,972.71,975.79,978.88,981.96,985.05,988.13,991.22,994.31,997.40,1000.49,1003.58
397.32,0.0,0.13449094,0.20706859,0.25871417,0.29887658,0.32901186,0.34622514,0.35680133,0.3651264,0.37434605,0.3783726,0.38035485,0.40147293,0.41871133,0.42521462,0.43288615,0.43487102,0.43220165,0.43011615,0.42332232,0.42076227,0.42010474,0.42372778,0.42187598,0.42431474,0.42466405,0.42514193,0.42485118,0.42452013,0.42111823,0.4146644,0.40769792,0.39872685,0.38442194,0.36263588,0.3328105,0.29489693,0.25125912,0.20233697,0.14491028,0.08553056,0.0224193,-0.035529964,-0.08897344,-0.13381837,-0.17032878,-0.19515507,-0.21356197,-0.22490977,-0.23269306,-0.23722863,-0.2425715,-0.2458725,-0.24826846,-0.24567233,-0.23910128,-0.22803621,-0.21343869,-0.19398107,-0.16982,-0.14382865,-0.12009335,-0.09793054,-0.07851147,-0.06231235,-0.050662756,-0.03827004,-0.02932462,-0.02141173,-0.0156003395,-0.0075871632,0.0023038571,0.018639287,0.03467126,0.053044148,0.068973616,0.08375758,0.09118122,0.0940423,0.09606254,0.10149593,0.11060845,0.12879682,0.15307239,0.1806055,0.20551534,0.22825912,0.24311224,0.2598866,0.2849049,0.31289062,0.3422604,0.3672724,0.37897336,0.3825402,0.38049287,0.36905727,0.34209466,0.2826658,0.19220616,0.0879799,-0.029464798,-0.13708468,-0.23319249,-0.31160095,-0.3745966,-0.42553678,-0.4681939,-0.5035621,-0.5326854,-0.5586181,-0.5775616,-0.5937879,-0.60723466,-0.61657035,-0.62377065,-0.62992185,-0.6346431,-0.6379661,-0.64055777,-0.64230466,-0.6433886,-0.6452982,-0.6494233,-0.6475937,-0.64549106,-0.6465594,-0.6483387,-0.648233,-0.6480302,-0.64819396,-0.6490296,-0.64873016,-0.6495941,-0.6494255,-0.6489087,-0.6493282,-0.6496138,-0.6493132,-0.6510194,-0.6511595,-0.65083057,-0.6512074,-0.65121293,-0.65068966,-0.6510888,-0.6504646,-0.6504155,-0.6515077,-0.6511207,-0.65032065,-0.64974964,-0.65024763,-0.65150464,-0.64997536,-0.65164167,-0.6514645,-0.6508828,-0.65132517,-0.652921,-0.65344286,-0.651918,-0.65232784,-0.65128744,-0.65226316,-0.65072745,-0.6507098,-0.65238756,-0.6532056,-0.6515243,-0.6500038,-0.6487675,-0.6525586,-0.6501722,-0.6472867,-0.64950436,-0.6484983,-0.6477126,-0.64273906,-0.64296216,-0.643034,-0.6362563,-0.6422947,-0.64326584,-0.63406473,-0.6394187,-0.6377208,-0.6406723,-0.6314728,-0.630278,-0.62309045,-0.63101315,-0.62388766,-0.6275184,-0.6243825,-0.6255749,-0.6306396,-0.6297477,-0.6237635,-0.624277,-0.6235256,-0.6363166,-0.6343871,-0.45268333
400.20,-0.13449094,0.0,0.07479003,0.12901212,0.17177334,0.20424382,0.22292656,0.23443761,0.2435632,0.25364006,0.25806576,0.26027426,0.283558,0.30269268,0.30997452,0.318567,0.32082444,0.31793502,0.3157044,0.30822664,0.30542484,0.30474114,0.30877987,0.30673456,0.30944642,0.3098353,0.3103986,0.31011748,0.3097912,0.30605626,0.29887632,0.2911858,0.281306,0.26561138,0.24180663,0.20943344,0.16868255,0.12233916,0.07104904,0.011701364,-0.048671454,-0.11175729,-0.16871288,-0.22044475,-0.26328313,-0.2977693,-0.32102162,-0.33816412,-0.34868807,-0.3558828,-0.36007077,-0.36499926,-0.3680381,-0.37024307,-0.3678522,-0.3617927,-0.35156575,-0.33802718,-0.3198945,-0.29724753,-0.27271873,-0.25016627,-0.22897255,-0.21029666,-0.19464138,-0.18334775,-0.1712859,-0.16255277,-0.15480895,-0.1491103,-0.1412385,-0.13149826,-0.11535249,-0.09944939,-0.081127964,-0.065168366,-0.05029396,-0.04279846,-0.039915074,-0.037870843,-0.032365598,-0.023123745,-0.0045884126,0.020272026,0.04865391,0.0744947,0.098243296,0.11384359,0.13153255,0.15808211,0.18800202,0.21964881,0.2467917,0.25952062,0.26338032,0.26110238,0.24857047,0.21928479,0.15547292,0.060426947,-0.046166066,-0.16273132,-0.2663451,-0.35636908,-0.42809924,-0.48464477,-0.52967197,-0.566904,-0.59745485,-0.62239367,-0.64444506,-0.660453,-0.6741083,-0.68537486,-0.6931817,-0.69918287,-0.70430994,-0.70823747,-0.7110007,-0.7131528,-0.7146125,-0.71551746,-0.71711034,-0.7205331,-0.71900946,-0.71728116,-0.718179,-0.7196648,-0.7195738,-0.719408,-0.7195457,-0.7202407,-0.71999186,-0.720706,-0.72056675,-0.7201352,-0.7204863,-0.7207205,-0.72047156,-0.72188926,-0.722008,-0.7217291,-0.7220403,-0.72204447,-0.7216133,-0.72194666,-0.72142786,-0.721387,-0.7222991,-0.72197753,-0.72131103,-0.7208368,-0.7212508,-0.72229147,-0.72101754,-0.7224006,-0.72225755,-0.7217766,-0.72213936,-0.7234626,-0.72390246,-0.7226285,-0.7229714,-0.7221049,-0.7229189,-0.7216391,-0.7216299,-0.72302437,-0.72370136,-0.72229904,-0.72104144,-0.72001517,-0.7231589,-0.72117615,-0.71877444,-0.7206233,-0.7197971,-0.7191382,-0.7150047,-0.7151427,-0.71514773,-0.7095121,-0.714567,-0.7153921,-0.7076928,-0.7121839,-0.7107725,-0.7132273,-0.70557296,-0.7045906,-0.6985994,-0.7052436,-0.6993085,-0.70232594,-0.6996973,-0.7006906,-0.7049261,-0.7041758,-0.69917524,-0.6995979,-0.6989512,-0.70963305,-0.708001,-0.5529808
403.09,-0.20706859,-0.07479003,0.0,0.05479933,0.09838098,0.13167974,0.15093276,0.16281156,0.17225856,0.18271482,0.18732826,0.18961331,0.21382733,0.23382416,0.24144849,0.25049213,0.25288442,0.2498947,0.24759959,0.23980936,0.2369194,0.23622052,0.24045712,0.23832087,0.2411702,0.24157268,0.24217771,0.24190415,0.24157847,0.23769642,0.23018533,0.22217172,0.21188276,0.19558446,0.17092739,0.13753472,0.09573913,0.04853692,-0.003312428,-0.062809184,-0.12277736,-0.18484376,-0.2403645,-0.2903758,-0.33149377,-0.3643947,-0.3864818,-0.40271404,-0.4126582,-0.41944894,-0.42340145,-0.4280402,-0.43090448,-0.43297964,-0.4307298,-0.4250185,-0.41537336,-0.40257674,-0.38540116,-0.36387968,-0.34049013,-0.3189082,-0.29855385,-0.28056538,-0.26544964,-0.25452015,-0.24282792,-0.23434658,-0.22681656,-0.22126973,-0.21359971,-0.20409489,-0.18831077,-0.17272682,-0.15472451,-0.13900168,-0.12431384,-0.11689732,-0.11404708,-0.11202421,-0.1065663,-0.09739843,-0.07896284,-0.054166216,-0.025746377,0.00022222298,0.024182217,0.03996177,0.05791248,0.08494296,0.11554008,0.14804612,0.1760531,0.18920434,0.19317558,0.19079141,0.1778037,0.1475752,0.08216225,-0.01404375,-0.12029453,-0.23454578,-0.33443087,-0.41995075,-0.48725832,-0.53980076,-0.58131695,-0.61543024,-0.6432781,-0.6659211,-0.6858722,-0.7003116,-0.7126105,-0.72273415,-0.7297416,-0.7351222,-0.73971355,-0.74323064,-0.74570584,-0.7476335,-0.74894315,-0.74975425,-0.75118464,-0.7542446,-0.7528878,-0.7513502,-0.75215715,-0.7534915,-0.75340945,-0.7532617,-0.75338644,-0.75400716,-0.75378466,-0.75442547,-0.7543009,-0.75391364,-0.7542254,-0.75443673,-0.75421566,-0.75548196,-0.7555901,-0.7553377,-0.7556137,-0.7556166,-0.7552319,-0.7555315,-0.7550666,-0.7550337,-0.7558501,-0.7555595,-0.7549658,-0.75453866,-0.7549102,-0.75583816,-0.7546992,-0.75593525,-0.7558132,-0.755382,-0.75570375,-0.75688666,-0.7572847,-0.7561409,-0.75644857,-0.7556728,-0.75640166,-0.75525403,-0.75524163,-0.75648946,-0.7570956,-0.7558428,-0.7547098,-0.7537914,-0.75660676,-0.75482976,-0.75267065,-0.75433093,-0.7535966,-0.75301105,-0.74929976,-0.7493974,-0.74936247,-0.7443074,-0.7488671,-0.7495948,-0.74269104,-0.7467281,-0.7454597,-0.7476642,-0.7408022,-0.73994154,-0.73455286,-0.7405626,-0.7352163,-0.7379186,-0.73555475,-0.736451,-0.74024844,-0.7395749,-0.7350641,-0.7354534,-0.73486584,-0.74444747,-0.74299836,-0.6022836
405.97,-0.25871417,-0.12901212,-0.05479933,0.0,0.043844413,0.077508315,0.09704089,0.10911172,0.11873683,0.12938511,0.13408743,0.13643132,0.1611777,0.1816877,0.18951896,0.19883355,0.20130104,0.1982616,0.19592814,0.187953,0.1850097,0.18430752,0.18866742,0.18647064,0.18939722,0.1898096,0.19044237,0.19017415,0.18985632,0.18588774,0.17817107,0.16996509,0.15944475,0.14279692,0.11767097,0.08375226,0.04148141,-0.0060117077,-0.05788709,-0.11704554,-0.17627381,-0.2371498,-0.29124403,-0.3396883,-0.37931126,-0.41088262,-0.43201372,-0.44751227,-0.45699185,-0.4634572,-0.46722153,-0.4716352,-0.47435784,-0.47633246,-0.47419018,-0.4687587,-0.45957226,-0.44737637,-0.43097267,-0.41038066,-0.38794282,-0.36718372,-0.34756348,-0.3301874,-0.3155542,-0.3049629,-0.29361272,-0.28537378,-0.2780512,-0.2726515,-0.2651806,-0.25591442,-0.24050134,-0.22526352,-0.2076235,-0.19218627,-0.17774162,-0.17044027,-0.16763334,-0.16563877,-0.16025637,-0.15121157,-0.13298695,-0.10842247,-0.080186166,-0.05431616,-0.03038111,-0.014580454,0.0034257683,0.030613586,0.061488476,0.09440464,0.122857995,0.13623922,0.14027363,0.13783742,0.1245862,0.09386376,0.027734919,-0.068615,-0.17382763,-0.28559083,-0.38214865,-0.46397296,-0.5278191,-0.5773343,-0.6162566,-0.6481018,-0.67401177,-0.69501966,-0.71349484,-0.72683537,-0.73818535,-0.7475158,-0.7539716,-0.75891995,-0.7631475,-0.7663831,-0.76865786,-0.7704336,-0.77164054,-0.7723886,-0.7737044,-0.7765159,-0.77527523,-0.7738708,-0.7746152,-0.77584344,-0.7757697,-0.7756373,-0.77575016,-0.7763224,-0.77611583,-0.7767041,-0.7765907,-0.7762321,-0.77652216,-0.776715,-0.7765118,-0.77767706,-0.77777493,-0.7775378,-0.7777942,-0.7777981,-0.7774447,-0.77772444,-0.77729243,-0.77726233,-0.77801836,-0.77774966,-0.7772018,-0.7768079,-0.77714866,-0.7780024,-0.7769544,-0.77808976,-0.77798045,-0.777582,-0.7778768,-0.77896714,-0.77933717,-0.7782801,-0.77856463,-0.7778465,-0.7785226,-0.7774624,-0.77745354,-0.77859885,-0.77915764,-0.7780016,-0.776962,-0.77611375,-0.77870065,-0.7770703,-0.7750761,-0.77661204,-0.7759399,-0.77540034,-0.7719756,-0.77204674,-0.7719915,-0.7673311,-0.7715545,-0.7722296,-0.76584876,-0.7695825,-0.76842874,-0.7704447,-0.7641331,-0.7633473,-0.75839734,-0.7639357,-0.7590147,-0.7615016,-0.7593157,-0.76013917,-0.7636319,-0.76302135,-0.75885206,-0.7592155,-0.7586669,-0.7675084,-0.7661498,-0.63555753
408.85,-0.29887658,-0.17177334,-0.09838098,-0.043844413,0.0,0.033798616,0.053469162,0.06564084,0.075351775,0.08612016,0.09088113,0.09324829,0.11833421,0.13915968,0.1471258,0.15661873,0.15915108,0.15607587,0.15372975,0.14563206,0.14265259,0.14194787,0.14638934,0.14415617,0.14713214,0.14755473,0.14820722,0.14794283,0.14763209,0.1436097,0.13576074,0.12742908,0.116760336,0.09990052,0.0745025,0.040295742,-0.002178879,-0.049700234,-0.10137365,-0.16001016,-0.21840152,-0.2780903,-0.3308515,-0.37788725,-0.41620487,-0.44664058,-0.46696028,-0.48184097,-0.49093232,-0.49713024,-0.50073195,-0.50496054,-0.507568,-0.50945747,-0.50741166,-0.5022085,-0.49340636,-0.48171067,-0.46596053,-0.44615307,-0.42453286,-0.4044921,-0.38551176,-0.36867478,-0.35447878,-0.34418735,-0.3331515,-0.32513607,-0.3180003,-0.31273922,-0.30545565,-0.2964134,-0.28135565,-0.26644632,-0.2491625,-0.2340159,-0.21982224,-0.21263988,-0.2098791,-0.20791651,-0.20261687,-0.19370437,-0.17572421,-0.15144683,-0.12347681,-0.09779376,-0.073977694,-0.05822751,-0.040251464,-0.013054394,0.017914943,0.051023472,0.079723746,0.09323361,0.097299315,0.094828665,0.08142546,0.050432328,-0.01599139,-0.11204728,-0.21599722,-0.3253619,-0.41896886,-0.49765986,-0.5586591,-0.6057316,-0.6425792,-0.67263407,-0.6970181,-0.71675414,-0.73408467,-0.74657977,-0.75720245,-0.765925,-0.7719558,-0.7765783,-0.78052306,-0.7835412,-0.78566676,-0.78732437,-0.7884522,-0.7891539,-0.7903833,-0.7930013,-0.79184645,-0.7905456,-0.7912422,-0.7923909,-0.7923231,-0.79219866,-0.79230505,-0.79283863,-0.7926454,-0.7931949,-0.7930872,-0.7927528,-0.79302335,-0.7932038,-0.7930132,-0.7941003,-0.7941931,-0.7939676,-0.7942064,-0.7942082,-0.7938776,-0.79414105,-0.79373825,-0.7937118,-0.79441863,-0.79416627,-0.7936557,-0.7932847,-0.79360574,-0.7943991,-0.7934204,-0.7944831,-0.79438037,-0.79400784,-0.79428273,-0.7953002,-0.795648,-0.7946564,-0.7949199,-0.79425263,-0.79488343,-0.7938934,-0.7938829,-0.7949511,-0.79546845,-0.7943943,-0.793422,-0.79262865,-0.79504484,-0.7935168,-0.7916566,-0.79309595,-0.79246837,-0.791963,-0.7887542,-0.78880155,-0.7887118,-0.7843555,-0.7883258,-0.7889475,-0.7829813,-0.7864783,-0.7853971,-0.7872857,-0.78138524,-0.78067034,-0.77604145,-0.7812456,-0.7766426,-0.77896583,-0.7769087,-0.7776866,-0.78095037,-0.78038603,-0.7764733,-0.7768024,-0.7762911,-0.78455806,-0.7832841,-0.6604542
411.74,-0.32901186,-0.20424382,-0.13167974,-0.077508315,-0.033798616,0.0,0.019712904,0.031926133,0.04168257,0.052506234,0.05729573,0.059683636,0.0849445,0.105965845,0.11401718,0.12362389,0.12619242,0.123100825,0.120741464,0.11257237,0.10956916,0.10886655,0.1133579,0.111104384,0.11411659,0.11453848,0.11520454,0.114947334,0.11463675,0.11057991,0.102648914,0.094244674,0.08348765,0.06651094,0.040966548,0.006637641,-0.03587301,-0.083279006,-0.13464722,-0.19271366,-0.2503006,-0.3089245,-0.36053887,-0.40639606,-0.44364253,-0.4731545,-0.492824,-0.5072111,-0.5159946,-0.5219766,-0.5254551,-0.52953637,-0.532053,-0.53387606,-0.5319018,-0.5268818,-0.5183842,-0.5070856,-0.491855,-0.47268155,-0.45171905,-0.4322603,-0.4138056,-0.39741844,-0.3835878,-0.37355155,-0.3627781,-0.35495132,-0.34797916,-0.34283525,-0.33570758,-0.32686222,-0.31211373,-0.29749426,-0.2805311,-0.26564556,-0.25168133,-0.24461238,-0.24189316,-0.23996262,-0.23474042,-0.2259565,-0.20821086,-0.18422286,-0.15653597,-0.13106911,-0.107414156,-0.09175033,-0.073848456,-0.046722304,-0.01577089,0.01739172,0.04619899,0.059774533,0.063858196,0.061362375,0.047880065,0.016763067,-0.049696714,-0.14524789,-0.24793723,-0.35518417,-0.44634452,-0.522525,-0.5812918,-0.6264752,-0.6617401,-0.690439,-0.71368223,-0.73246384,-0.7489436,-0.7608092,-0.77089214,-0.77916455,-0.78488594,-0.78926486,-0.7930061,-0.7958672,-0.79788065,-0.7994503,-0.8005233,-0.80118734,-0.80235386,-0.8048376,-0.8037396,-0.8025123,-0.8031761,-0.8042693,-0.8042024,-0.8040862,-0.80418545,-0.8046929,-0.80451024,-0.8050285,-0.8049275,-0.8046118,-0.8048663,-0.80503875,-0.804858,-0.80588824,-0.80597764,-0.80576086,-0.8059874,-0.8059865,-0.8056747,-0.80592674,-0.8055439,-0.80551773,-0.8061902,-0.805951,-0.80546695,-0.8051163,-0.80541855,-0.8061688,-0.80523884,-0.8062472,-0.8061532,-0.8058015,-0.80605876,-0.80702204,-0.8073543,-0.8064118,-0.80666465,-0.80602825,-0.80662894,-0.80568486,-0.8056775,-0.80669135,-0.8071818,-0.8061607,-0.80524033,-0.80448663,-0.80677354,-0.8053302,-0.8035608,-0.80492795,-0.80433506,-0.803857,-0.80080885,-0.8008385,-0.80073047,-0.7966016,-0.800379,-0.800977,-0.7952979,-0.7986349,-0.7976052,-0.7993997,-0.7938067,-0.7931358,-0.78874946,-0.7936996,-0.78932774,-0.7915233,-0.7895796,-0.790305,-0.7934058,-0.79286236,-0.7891523,-0.78946394,-0.7889653,-0.7968115,-0.7956052,-0.67856634
414.63,-0.34622514,-0.22292656,-0.15093276,-0.09704089,-0.053469162,-0.019712904,0.0,0.012222533,0.021991394,0.03283432,0.037637684,0.040027384,0.06536833,0.08647402,0.09456845,0.10423043,0.10681529,0.10371536,0.10135207,0.09314753,0.09013801,0.0894333,0.09395083,0.09168795,0.09471424,0.09514116,0.095811315,0.09555765,0.09525146,0.09117711,0.08320737,0.07477235,0.06397251,0.04694362,0.021340648,-0.013023553,-0.055509858,-0.10279748,-0.15393366,-0.21160538,-0.26866487,-0.32661134,-0.37751698,-0.4226511,-0.45924696,-0.48820767,-0.5074884,-0.5215806,-0.5301817,-0.53603876,-0.5394431,-0.5434362,-0.5459006,-0.5476842,-0.54575384,-0.54083717,-0.5325226,-0.5214584,-0.50653875,-0.48774284,-0.46717826,-0.44807282,-0.42993754,-0.41382247,-0.4002139,-0.3903318,-0.3797231,-0.37201253,-0.36514294,-0.3600711,-0.3530436,-0.34431735,-0.32976174,-0.31532702,-0.2985631,-0.2838455,-0.27003193,-0.2630292,-0.26034093,-0.25842756,-0.2532543,-0.24455285,-0.2269645,-0.20316832,-0.17567551,-0.15035903,-0.12682153,-0.111223586,-0.09338434,-0.06632839,-0.03542047,-0.0022606328,0.026581282,0.040179078,0.044267617,0.04176394,0.028248709,-0.002908822,-0.069317974,-0.16447546,-0.26632854,-0.3722519,-0.46192655,-0.5366037,-0.59405273,-0.63813484,-0.6724833,-0.7004005,-0.72298384,-0.7412232,-0.75721693,-0.76872283,-0.77850145,-0.786519,-0.7920635,-0.7963053,-0.7999296,-0.8027012,-0.80465245,-0.806174,-0.80721396,-0.8078596,-0.8089912,-0.81139374,-0.81033313,-0.8091501,-0.8097962,-0.8108562,-0.8107916,-0.8106792,-0.8107771,-0.8112672,-0.8110905,-0.81159234,-0.81149447,-0.81118625,-0.81143564,-0.8116027,-0.81142676,-0.8124235,-0.81251055,-0.81230056,-0.8125179,-0.8125185,-0.81221676,-0.8124614,-0.81209004,-0.81206584,-0.8127173,-0.812485,-0.81201625,-0.8116748,-0.8119695,-0.8126947,-0.8117945,-0.81277037,-0.81268,-0.8123394,-0.8125874,-0.8135212,-0.81384677,-0.81292903,-0.8131754,-0.8125565,-0.81314164,-0.8122244,-0.81221753,-0.8131996,-0.8136718,-0.81268626,-0.8117905,-0.8110593,-0.8132763,-0.8118787,-0.8101605,-0.81148946,-0.81091654,-0.81045324,-0.80749726,-0.8075099,-0.80738854,-0.8033881,-0.8070602,-0.8076359,-0.80212814,-0.805363,-0.80436397,-0.8061052,-0.80068034,-0.8000297,-0.7957846,-0.8005968,-0.79636335,-0.7984883,-0.7965951,-0.7972957,-0.80031353,-0.7997918,-0.79617906,-0.79647726,-0.79599607,-0.803612,-0.8024326,-0.6886714
417.52,-0.35680133,-0.23443761,-0.16281156,-0.10911172,-0.06564084,-0.031926133,-0.012222533,0.0,0.009772005,0.02062146,0.025429377,0.027823342,0.05320063,0.07434873,0.08246127,0.09215503,0.09475176,0.091645144,0.089277394,0.0810577,0.07804005,0.07733783,0.08186961,0.07959956,0.08263694,0.083066225,0.08373742,0.08348587,0.08318117,0.079098776,0.07110815,0.062654756,0.051837407,0.034783296,0.009156842,-0.025214573,-0.06766718,-0.11486501,-0.16583936,-0.22325188,-0.27997187,-0.33749136,-0.3879519,-0.43264222,-0.46883804,-0.49745867,-0.51650286,-0.5304163,-0.5389058,-0.5446847,-0.54804325,-0.5519832,-0.5544146,-0.5561741,-0.55426913,-0.54942036,-0.54121476,-0.5302953,-0.51556504,-0.49700105,-0.47667724,-0.45778793,-0.43985137,-0.42390522,-0.41043082,-0.4006462,-0.3901388,-0.3825001,-0.3756904,-0.37066355,-0.3636976,-0.35504758,-0.34061378,-0.3262923,-0.30965137,-0.29504326,-0.28132397,-0.2743688,-0.27169502,-0.2697929,-0.26465222,-0.25600502,-0.23851822,-0.21484554,-0.18748048,-0.16226797,-0.1388117,-0.12325991,-0.10546701,-0.07846608,-0.047596492,-0.014453084,0.01439559,0.028001828,0.032092948,0.029585557,0.016056236,-0.01511101,-0.08146165,-0.17634074,-0.27764812,-0.38273433,-0.47148275,-0.545242,-0.6018913,-0.6453072,-0.6790996,-0.7065433,-0.72872865,-0.7466396,-0.7623422,-0.77363294,-0.7832269,-0.79108995,-0.79652905,-0.80068845,-0.8042417,-0.80695987,-0.8088721,-0.81036407,-0.8113851,-0.8120193,-0.81312865,-0.81547976,-0.81444186,-0.8132861,-0.81391996,-0.8149575,-0.81489414,-0.81478393,-0.81487954,-0.8153613,-0.81518686,-0.8156791,-0.815585,-0.8152828,-0.81552637,-0.8156873,-0.8155156,-0.81649476,-0.8165794,-0.81637025,-0.8165868,-0.8165851,-0.81629044,-0.81653,-0.81616503,-0.81614345,-0.81678045,-0.8165529,-0.816093,-0.8157587,-0.8160477,-0.8167575,-0.8158748,-0.8168296,-0.8167442,-0.8164065,-0.81665325,-0.8175661,-0.8178853,-0.81698585,-0.8172264,-0.8166212,-0.81719464,-0.8162972,-0.8162861,-0.8172487,-0.8177141,-0.8167441,-0.81586677,-0.8151524,-0.8173224,-0.8159508,-0.81426805,-0.8155724,-0.81501245,-0.81455463,-0.8116521,-0.81165993,-0.81153405,-0.8076045,-0.811215,-0.81176656,-0.8063732,-0.80955094,-0.80856425,-0.8102725,-0.80495805,-0.8043136,-0.8001631,-0.8048802,-0.8007252,-0.8028073,-0.8009515,-0.8016447,-0.80459446,-0.80408573,-0.8005446,-0.80084395,-0.8003688,-0.8078269,-0.8066674,-0.69494134
420.40,-0.3651264,-0.2435632,-0.17225856,-0.11873683,-0.075351775,-0.04168257,-0.021991394,-0.009772005,0.0,0.010852375,0.015662394,0.018059116,0.04345695,0.06463698,0.07276759,0.08248112,0.085083425,0.081976496,0.079605654,0.07137158,0.06835335,0.06765006,0.072191276,0.06991759,0.072960034,0.07338966,0.074064925,0.07381513,0.07351039,0.06942256,0.061415974,0.052951526,0.042119887,0.025049975,-0.0005903475,-0.03495898,-0.077374086,-0.12448533,-0.17531621,-0.23250204,-0.28893527,-0.34609464,-0.39618525,-0.4405067,-0.47637126,-0.5047141,-0.5235634,-0.53733104,-0.5457278,-0.5514454,-0.55476713,-0.55866426,-0.5610677,-0.5628098,-0.5609241,-0.5561284,-0.5480134,-0.5372113,-0.5226346,-0.5042598,-0.4841365,-0.46542445,-0.44765013,-0.43184227,-0.41848472,-0.40877783,-0.39835542,-0.3907759,-0.38401932,-0.37902948,-0.37211224,-0.3635293,-0.3491948,-0.33497,-0.3184391,-0.3039149,-0.29027587,-0.28336093,-0.28069824,-0.27880847,-0.2736949,-0.26509094,-0.24769083,-0.22412695,-0.19687365,-0.17174914,-0.14836301,-0.13285343,-0.11510182,-0.08815113,-0.05732149,-0.024199095,0.004648458,0.018259356,0.022351801,0.019839982,0.006302831,-0.024866134,-0.09115274,-0.18578042,-0.28662348,-0.39100644,-0.47899786,-0.5520055,-0.6080026,-0.650874,-0.6842231,-0.71128774,-0.73315436,-0.75080395,-0.7662735,-0.7773945,-0.78684187,-0.79458296,-0.7999378,-0.8040311,-0.80753005,-0.8102052,-0.8120877,-0.8135564,-0.814562,-0.81518567,-0.8162769,-0.81859004,-0.8175712,-0.8164361,-0.8170616,-0.81808394,-0.818022,-0.81791306,-0.8180076,-0.81848174,-0.81830996,-0.81879336,-0.81870013,-0.8184025,-0.81864303,-0.81880265,-0.8186339,-0.8195969,-0.8196791,-0.81947327,-0.8196852,-0.8196843,-0.8193951,-0.81963193,-0.8192705,-0.81924814,-0.8198784,-0.8196525,-0.8191998,-0.8188708,-0.8191537,-0.8198535,-0.8189839,-0.81992567,-0.8198412,-0.8195104,-0.8197484,-0.8206487,-0.8209629,-0.8200773,-0.8203148,-0.81971943,-0.82028395,-0.81939715,-0.8193872,-0.82033587,-0.82079107,-0.8198359,-0.81897455,-0.81826866,-0.82040715,-0.819058,-0.8173977,-0.8186811,-0.8181305,-0.81768054,-0.8148216,-0.8148215,-0.81468505,-0.8108218,-0.8143785,-0.81492716,-0.8096007,-0.81273067,-0.8117638,-0.81345034,-0.80821776,-0.8075915,-0.8034938,-0.80814874,-0.8040594,-0.80610186,-0.80428326,-0.804955,-0.8078695,-0.8073572,-0.80387276,-0.8041641,-0.8036971,-0.8110446,-0.8099001,-0.69976056
423.29,-0.37434605,-0.25364006,-0.18271482,-0.12938511,-0.08612016,-0.052506234,-0.03283432,-0.02062146,-0.010852375,0.0,0.0048116315,0.007208957,0.03262471,0.053831972,0.0619768,0.07170995,0.07431773,0.0712062,0.068835616,0.06058794,0.057565745,0.05686334,0.06141416,0.05913616,0.062185746,0.06261493,0.06329171,0.06304305,0.062739775,0.05864475,0.05062722,0.04215127,0.031307176,0.014225294,-0.011419884,-0.04577177,-0.08812783,-0.13512395,-0.18577394,-0.24268849,-0.29878297,-0.35552806,-0.4051986,-0.44910342,-0.48460293,-0.512635,-0.5312671,-0.5448714,-0.5531681,-0.55881447,-0.56209683,-0.56594527,-0.5683175,-0.5700391,-0.56817776,-0.5634398,-0.55542296,-0.5447498,-0.5303434,-0.5121785,-0.4922751,-0.47376022,-0.45616776,-0.4405162,-0.42728433,-0.41766778,-0.407339,-0.39982697,-0.39312842,-0.3881826,-0.38132575,-0.37281215,-0.35859177,-0.34447533,-0.32806948,-0.31364933,-0.30010033,-0.2932299,-0.29058933,-0.28871027,-0.28362808,-0.2750794,-0.25777778,-0.23434074,-0.20722158,-0.18220675,-0.15890989,-0.14345303,-0.12575462,-0.09887245,-0.06810033,-0.03501666,-0.0061809905,0.0074287727,0.011520056,0.0090064015,-0.0045346715,-0.03569248,-0.10188117,-0.19619584,-0.29648325,-0.4000676,-0.48720062,-0.5593738,-0.6146562,-0.6569399,-0.68979865,-0.716454,-0.7379776,-0.7553435,-0.7705601,-0.7814943,-0.7907844,-0.798394,-0.80365825,-0.8076819,-0.81112033,-0.8137479,-0.8155989,-0.81704324,-0.818032,-0.8186453,-0.8197189,-0.8219935,-0.8209908,-0.8198785,-0.8204925,-0.8214979,-0.8214369,-0.8213296,-0.8214225,-0.82188815,-0.8217196,-0.8221953,-0.82210445,-0.8218118,-0.82204735,-0.8222037,-0.82203823,-0.82298523,-0.8230653,-0.8228627,-0.8230702,-0.8230707,-0.8227844,-0.82301706,-0.82266426,-0.8226425,-0.82326186,-0.8230398,-0.82259417,-0.8222717,-0.82255113,-0.8232369,-0.8223816,-0.82330674,-0.82322335,-0.8228989,-0.8231326,-0.82401824,-0.82432866,-0.8234553,-0.82368815,-0.8231032,-0.8236596,-0.8227887,-0.8227786,-0.8237096,-0.8241545,-0.82321817,-0.8223713,-0.82167816,-0.82377815,-0.82245314,-0.82081777,-0.8220823,-0.8215417,-0.82110155,-0.818289,-0.8182829,-0.81814337,-0.8143395,-0.81784534,-0.8183833,-0.81315255,-0.8162302,-0.8152825,-0.8169357,-0.8117925,-0.81118137,-0.80715626,-0.8117366,-0.8077108,-0.8097277,-0.80792755,-0.8085938,-0.8114523,-0.81096095,-0.8075274,-0.80781406,-0.8073488,-0.81458265,-0.8134529,-0.7050259
426.19,-0.3783726,-0.25806576,-0.18732826,-0.13408743,-0.09088113,-0.05729573,-0.037637684,-0.025429377,-0.015662394,-0.0048116315,0.0,0.0023974602,0.027819242,0.049036328,0.057186257,0.06692914,0.06953967,0.06642727,0.064056255,0.0558042,0.05278169,0.052077986,0.056632847,0.054354116,0.05740574,0.057838008,0.058514614,0.058267128,0.057963192,0.053865824,0.045841698,0.03736131,0.026513271,0.009427007,-0.016221533,-0.050566413,-0.09289652,-0.1398425,-0.19041093,-0.24720395,-0.30314505,-0.35969993,-0.40918103,-0.45289466,-0.48822528,-0.51611495,-0.5346496,-0.5481807,-0.55642945,-0.5620468,-0.5653081,-0.5691347,-0.57149756,-0.5732064,-0.5713572,-0.56664664,-0.55867463,-0.54805845,-0.53373414,-0.51566315,-0.49586347,-0.4774401,-0.4599298,-0.4443491,-0.4311757,-0.42160153,-0.41131666,-0.4038363,-0.3971658,-0.39223897,-0.38540795,-0.3769275,-0.36276066,-0.34869373,-0.33233958,-0.31796882,-0.30446225,-0.29761204,-0.29497764,-0.29310575,-0.28804025,-0.2795107,-0.26225847,-0.23888013,-0.21181649,-0.18685094,-0.16359365,-0.14815705,-0.13048482,-0.103630766,-0.07288353,-0.0398146,-0.010982389,0.0026272044,0.0067180297,0.004202805,-0.009339572,-0.04049349,-0.10663834,-0.2008121,-0.3008499,-0.4040761,-0.4908208,-0.5626138,-0.6175698,-0.65958524,-0.6922224,-0.7186894,-0.74005467,-0.7572939,-0.7723956,-0.78324646,-0.79246426,-0.800016,-0.8052385,-0.80922997,-0.81264126,-0.81524974,-0.81708586,-0.81851834,-0.8195003,-0.82010925,-0.82117563,-0.8234317,-0.8224412,-0.821339,-0.82194877,-0.82294697,-0.82288635,-0.82278097,-0.8228736,-0.8233352,-0.8231683,-0.82364017,-0.8235497,-0.82326025,-0.8234931,-0.8236501,-0.8234844,-0.82442313,-0.8245049,-0.82430243,-0.8245088,-0.82450813,-0.82422346,-0.82445633,-0.82410586,-0.8240833,-0.82469875,-0.8244794,-0.8240379,-0.82371527,-0.8239927,-0.82467264,-0.82382435,-0.8247438,-0.8246619,-0.82433915,-0.8245712,-0.82545,-0.8257563,-0.82488936,-0.82512224,-0.8245396,-0.8250923,-0.8242251,-0.8242153,-0.8251414,-0.82558334,-0.82465476,-0.82381296,-0.82312375,-0.82520866,-0.8238935,-0.8222734,-0.8235273,-0.82298857,-0.82255447,-0.8197588,-0.8197508,-0.8196103,-0.815837,-0.8193196,-0.8198559,-0.81465477,-0.81771666,-0.8167685,-0.81841546,-0.81331104,-0.8127018,-0.80870664,-0.81326276,-0.809264,-0.8112566,-0.8094794,-0.8101405,-0.812975,-0.81248754,-0.8090696,-0.8093577,-0.80890083,-0.8160726,-0.81496364,-0.707296
429.08,-0.38035485,-0.26027426,-0.18961331,-0.13643132,-0.09324829,-0.059683636,-0.040027384,-0.027823342,-0.018059116,-0.007208957,-0.0023974602,0.0,0.025423495,0.046646476,0.05479806,0.06454577,0.06715913,0.06404364,0.061672337,0.053419124,0.05039454,0.049693167,0.054249622,0.051969614,0.0550216,0.0554526,0.056131218,0.055882733,0.055580735,0.051482018,0.043454025,0.03497084,0.024121687,0.0070332256,-0.018615069,-0.052953377,-0.095266,-0.14218214,-0.19270676,-0.24943115,-0.3052908,-0.361748,-0.41113046,-0.4547507,-0.489997,-0.5178171,-0.5363029,-0.54979813,-0.55802643,-0.56362456,-0.56688106,-0.57069576,-0.5730495,-0.57475585,-0.5729095,-0.5682121,-0.56026214,-0.5496767,-0.5353889,-0.5173655,-0.49761388,-0.47923356,-0.46176368,-0.44622028,-0.43307674,-0.42352116,-0.41325665,-0.4057921,-0.39913493,-0.39421952,-0.38740084,-0.37893742,-0.36479676,-0.35075656,-0.33443248,-0.32008123,-0.30659726,-0.29975984,-0.29712838,-0.29525864,-0.29019758,-0.28168234,-0.2644541,-0.24110617,-0.21407624,-0.18913786,-0.16590248,-0.15048285,-0.13282199,-0.10598771,-0.07525765,-0.042200916,-0.013375021,0.00023300874,0.00432327,0.0018082014,-0.011734529,-0.04288314,-0.10899893,-0.20308827,-0.30299202,-0.4060265,-0.49257547,-0.5641869,-0.61898434,-0.6608707,-0.69340533,-0.71978354,-0.741078,-0.7582554,-0.773305,-0.7841175,-0.7933025,-0.80082554,-0.8060282,-0.81000555,-0.8134054,-0.81600434,-0.8178345,-0.8192615,-0.82024026,-0.8208485,-0.8219101,-0.8241583,-0.82317084,-0.8220736,-0.82268304,-0.82367736,-0.8236163,-0.8235127,-0.82360506,-0.82406515,-0.8238978,-0.82436794,-0.82427865,-0.8239893,-0.82422286,-0.8243762,-0.82421345,-0.8251492,-0.8252296,-0.82502735,-0.82523304,-0.825233,-0.8249525,-0.8251815,-0.8248317,-0.82480973,-0.82542306,-0.82520354,-0.8247645,-0.8244442,-0.82471913,-0.82539755,-0.8245517,-0.8254661,-0.82538724,-0.82506466,-0.8252962,-0.8261714,-0.826476,-0.8256132,-0.82584476,-0.8252645,-0.8258146,-0.824952,-0.8249438,-0.8258641,-0.8263053,-0.8253784,-0.8245421,-0.8238529,-0.82593316,-0.8246212,-0.8230058,-0.8242574,-0.82371944,-0.823288,-0.8205023,-0.8204916,-0.820347,-0.8165932,-0.82005715,-0.820594,-0.8154204,-0.8184717,-0.8175155,-0.81916267,-0.81407416,-0.8134709,-0.809493,-0.8140233,-0.8100463,-0.8120332,-0.8102579,-0.81091124,-0.8137454,-0.8132497,-0.8098545,-0.81014585,-0.80968505,-0.81683105,-0.81572354,-0.7084447
431.97,-0.40147293,-0.283558,-0.21382733,-0.1611777,-0.11833421,-0.0849445,-0.06536833,-0.05320063,-0.04345695,-0.03262471,-0.027819242,-0.025423495,0.0,0.021253366,0.029426161,0.039204042,0.041827608,0.038710672,0.03633573,0.028065395,0.025038997,0.02433755,0.028909463,0.026623158,0.029685944,0.03011886,0.030801427,0.030556457,0.03025603,0.026149934,0.018102098,0.009606682,-0.0012556843,-0.018348966,-0.043977432,-0.07823411,-0.12035978,-0.16695726,-0.2170094,-0.273047,-0.32806915,-0.38351783,-0.431888,-0.47451064,-0.50888014,-0.5359691,-0.5539462,-0.5670596,-0.5750499,-0.58048654,-0.5836433,-0.5873483,-0.5896338,-0.5912875,-0.5894976,-0.5849377,-0.5772174,-0.566938,-0.5530535,-0.535523,-0.51629424,-0.49838343,-0.48134613,-0.466175,-0.45333487,-0.4439925,-0.43395716,-0.42665422,-0.42013547,-0.41532448,-0.40864572,-0.4003542,-0.3864928,-0.3727186,-0.35669082,-0.34259635,-0.32933503,-0.3226065,-0.32001206,-0.3181732,-0.31319192,-0.3048049,-0.28782645,-0.26479897,-0.23809916,-0.21343973,-0.19043572,-0.17515232,-0.15763347,-0.13098767,-0.10042777,-0.06749741,-0.038736343,-0.025148451,-0.021064704,-0.02358349,-0.037116744,-0.06820181,-0.13400862,-0.2272673,-0.32579082,-0.42688233,-0.5113933,-0.5810391,-0.6341663,-0.67468,-0.7060897,-0.7315198,-0.7520199,-0.7685492,-0.7830203,-0.79340976,-0.80223364,-0.809456,-0.81445205,-0.81826854,-0.8215315,-0.82402605,-0.8257814,-0.82715136,-0.8280931,-0.8286794,-0.8296995,-0.8318516,-0.83090556,-0.82986057,-0.830447,-0.83140236,-0.8313443,-0.83124393,-0.83133304,-0.8317759,-0.8316151,-0.8320658,-0.83197963,-0.8317026,-0.8319256,-0.8320744,-0.8319173,-0.83281595,-0.83289135,-0.832696,-0.8328929,-0.8328923,-0.832622,-0.83284503,-0.8325069,-0.83248806,-0.8330765,-0.83286524,-0.8324444,-0.8321363,-0.83240134,-0.83304816,-0.83223903,-0.8331164,-0.8330383,-0.83273095,-0.83295256,-0.83379114,-0.8340853,-0.8332545,-0.8334774,-0.8329215,-0.83345044,-0.83262163,-0.8326128,-0.83349305,-0.83391637,-0.83302754,-0.8322248,-0.8315658,-0.833558,-0.83229816,-0.8307478,-0.83195144,-0.831439,-0.83101976,-0.8283498,-0.82832533,-0.82816565,-0.82455313,-0.82789725,-0.82840466,-0.82344055,-0.82636905,-0.8254511,-0.8270297,-0.8221601,-0.82157207,-0.8177584,-0.8221227,-0.81830305,-0.82020247,-0.8184961,-0.8191326,-0.8218497,-0.8213782,-0.81811213,-0.8183822,-0.8179392,-0.82480913,-0.8237297,-0.7204519
434.87,-0.41871133,-0.30269268,-0.23382416,-0.1816877,-0.13915968,-0.105965845,-0.08647402,-0.07434873,-0.06463698,-0.053831972,-0.049036328,-0.046646476,-0.021253366,0.0,0.008180065,0.017971132,0.020600516,0.01748206,0.015108643,0.0068305987,0.003804743,0.0031054893,0.0076836986,0.0053954795,0.008463237,0.0088966675,0.009581939,0.0093394015,0.009040587,0.0049326704,-0.0031232866,-0.011619626,-0.022480037,-0.03955872,-0.06514227,-0.099294044,-0.14121833,-0.18750046,-0.23710978,-0.2925235,-0.34680083,-0.401368,-0.4488646,-0.49063787,-0.5242651,-0.55073243,-0.56828284,-0.58107466,-0.58886635,-0.59416556,-0.5972451,-0.60085523,-0.60308206,-0.60469484,-0.6029511,-0.5985059,-0.5909818,-0.5809556,-0.56740856,-0.5502966,-0.53151095,-0.5139992,-0.49732646,-0.48247206,-0.46989402,-0.46073478,-0.4508942,-0.44373125,-0.43733692,-0.432613,-0.42605507,-0.4179157,-0.4042945,-0.39075032,-0.37498248,-0.3611045,-0.34804395,-0.34141493,-0.3388569,-0.33704454,-0.33212996,-0.32386154,-0.307107,-0.28436282,-0.25796703,-0.23355882,-0.21076593,-0.19561431,-0.17822874,-0.15176626,-0.121376045,-0.08858556,-0.059905488,-0.04634855,-0.04227374,-0.044791613,-0.058302402,-0.089300044,-0.1547819,-0.24725622,-0.34455693,-0.44396028,-0.52673846,-0.59473014,-0.6464598,-0.68583184,-0.716309,-0.7409542,-0.76080436,-0.77679676,-0.79079413,-0.8008361,-0.80936265,-0.81634015,-0.8211662,-0.8248499,-0.82800144,-0.8304107,-0.8321052,-0.8334285,-0.8343396,-0.8349049,-0.8358902,-0.83796847,-0.8370579,-0.8360516,-0.8366183,-0.83754325,-0.83748716,-0.83739173,-0.83747697,-0.83790404,-0.8377495,-0.83818376,-0.83810014,-0.8378325,-0.83804786,-0.8381917,-0.8380398,-0.8389077,-0.8389821,-0.8387899,-0.83898073,-0.83897847,-0.83871967,-0.8389349,-0.8386097,-0.8385905,-0.8391595,-0.8389558,-0.8385492,-0.83825064,-0.83850634,-0.8391321,-0.838348,-0.8391941,-0.83912224,-0.8388256,-0.8390375,-0.839848,-0.8401335,-0.83933026,-0.8395443,-0.8390066,-0.83951837,-0.83871496,-0.83870703,-0.8395572,-0.8399639,-0.8391055,-0.83833003,-0.8376921,-0.83961785,-0.8384001,-0.8369016,-0.83806795,-0.8375682,-0.8371653,-0.834582,-0.8345448,-0.8343734,-0.83088666,-0.83412564,-0.83461946,-0.8298084,-0.8326461,-0.8317677,-0.83328676,-0.8285783,-0.82801837,-0.824336,-0.82856774,-0.8248705,-0.8267057,-0.82505643,-0.82566684,-0.82828945,-0.8278329,-0.8246717,-0.8249376,-0.82450473,-0.8311446,-0.83010554,-0.730029
437.76,-0.42521462,-0.30997452,-0.24144849,-0.18951896,-0.1471258,-0.11401718,-0.09456845,-0.08246127,-0.07276759,-0.0619768,-0.057186257,-0.05479806,-0.029426161,-0.008180065,0.0,0.009793716,0.012424294,0.00930568,0.0069329697,-0.0013454397,-0.004371185,-0.0050696456,-0.00049019355,-0.0027785485,0.00029038903,0.00072392763,0.0014094482,0.0011686019,0.00087041367,-0.0032386987,-0.011295938,-0.01979091,-0.030648485,-0.04771867,-0.073280655,-0.10738534,-0.14922485,-0.1953788,-0.2448067,-0.29996893,-0.35394657,-0.40816474,-0.45531446,-0.4967511,-0.5300852,-0.5563118,-0.57369334,-0.5863627,-0.59407645,-0.59932387,-0.602372,-0.6059441,-0.60815,-0.60974723,-0.6080217,-0.6036228,-0.59617466,-0.58624685,-0.57283413,-0.5558883,-0.5372746,-0.5199208,-0.50339407,-0.48866397,-0.47619116,-0.4671046,-0.4573398,-0.45023316,-0.4438869,-0.43919867,-0.43268955,-0.42460883,-0.4110823,-0.3976339,-0.38196844,-0.3681794,-0.35519615,-0.34860423,-0.34606344,-0.34426126,-0.3393754,-0.3311511,-0.31448838,-0.29185525,-0.26558235,-0.24127501,-0.21856658,-0.20346504,-0.18613449,-0.15974654,-0.12942538,-0.096692465,-0.06804796,-0.054504037,-0.05043176,-0.052949708,-0.0664489,-0.097411685,-0.16275528,-0.25491872,-0.3517266,-0.45046628,-0.5325627,-0.5999064,-0.65108675,-0.6900154,-0.7201315,-0.74447227,-0.7640696,-0.7798569,-0.79367125,-0.8035792,-0.81199193,-0.8188745,-0.8236355,-0.82726955,-0.83037865,-0.83275425,-0.83442706,-0.8357332,-0.83663213,-0.83719105,-0.83816457,-0.84021366,-0.8393142,-0.8383243,-0.838887,-0.8397993,-0.83974427,-0.8396492,-0.83973473,-0.8401561,-0.8400024,-0.84043187,-0.84034985,-0.8400853,-0.8402975,-0.84044063,-0.84029067,-0.8411462,-0.8412211,-0.8410296,-0.8412169,-0.8412171,-0.8409619,-0.8411734,-0.840852,-0.84083384,-0.8413964,-0.84119517,-0.84079313,-0.84049827,-0.8407511,-0.84136796,-0.8405939,-0.8414305,-0.84135824,-0.84106517,-0.8412747,-0.8420744,-0.8423564,-0.8415623,-0.84177554,-0.8412437,-0.8417492,-0.8409576,-0.84094954,-0.8417906,-0.8421915,-0.8413426,-0.8405783,-0.8399493,-0.84184575,-0.8406477,-0.83916396,-0.8403153,-0.8398272,-0.8394301,-0.8368787,-0.83684117,-0.83667,-0.83321947,-0.83642656,-0.8369105,-0.83215636,-0.83496535,-0.8340945,-0.8355921,-0.8309512,-0.8304033,-0.8267668,-0.8309357,-0.827299,-0.82910585,-0.8274763,-0.8280778,-0.8306722,-0.8302171,-0.82709795,-0.8273632,-0.8269303,-0.83348656,-0.8324591,-0.7335975
440.66,-0.43288615,-0.318567,-0.25049213,-0.19883355,-0.15661873,-0.12362389,-0.10423043,-0.09215503,-0.08248112,-0.07170995,-0.06692914,-0.06454577,-0.039204042,-0.017971132,-0.009793716,0.0,0.0026315877,-0.00048724632,-0.0028593712,-0.011137677,-0.014162368,-0.014860374,-0.0102797225,-0.01256807,-0.009498633,-0.009065071,-0.00837876,-0.008618776,-0.008916244,-0.013025279,-0.021082418,-0.029575797,-0.040428773,-0.057486825,-0.08301908,-0.11706445,-0.15879536,-0.20478913,-0.25399667,-0.30884638,-0.36245966,-0.416249,-0.4629781,-0.50400984,-0.5369891,-0.56292343,-0.58010197,-0.5926191,-0.6002412,-0.6054236,-0.6084367,-0.61196434,-0.61414224,-0.61572087,-0.6140156,-0.6096706,-0.6023125,-0.59250665,-0.57925385,-0.56250465,-0.54410285,-0.5269376,-0.5105853,-0.4960077,-0.48365906,-0.47465885,-0.46499148,-0.4579498,-0.45166287,-0.44701698,-0.44056743,-0.4325571,-0.41914642,-0.4058084,-0.39026788,-0.37658644,-0.36369967,-0.35715735,-0.35463184,-0.35284114,-0.3479904,-0.33982152,-0.32326698,-0.30077523,-0.27464718,-0.25046495,-0.22786148,-0.21282461,-0.19556572,-0.1692694,-0.13903846,-0.10637937,-0.07778357,-0.064257406,-0.06019087,-0.062706456,-0.076187745,-0.107095405,-0.17226306,-0.26402867,-0.36023813,-0.45817018,-0.53944224,-0.6060047,-0.65653515,-0.69493645,-0.7246232,-0.748603,-0.7679012,-0.78344417,-0.79704577,-0.80679584,-0.8150752,-0.82184786,-0.8265328,-0.8301067,-0.8331657,-0.8355034,-0.83714896,-0.83843416,-0.8393191,-0.83986896,-0.8408261,-0.84284204,-0.84195954,-0.8409887,-0.84154207,-0.8424407,-0.8423857,-0.84229314,-0.84237665,-0.8427911,-0.84264046,-0.8430622,-0.8429825,-0.8427212,-0.8429313,-0.8430714,-0.84292364,-0.84376585,-0.8438388,-0.8436501,-0.843834,-0.8438331,-0.8435817,-0.84379244,-0.8434752,-0.8434577,-0.84401095,-0.84381276,-0.8434167,-0.84312516,-0.84337497,-0.84398025,-0.8432186,-0.84404093,-0.8439731,-0.84368306,-0.8438895,-0.8446758,-0.84495515,-0.84417206,-0.8443806,-0.84385705,-0.84435606,-0.8435751,-0.84356594,-0.8443926,-0.84478974,-0.8439534,-0.84319973,-0.84257823,-0.8444482,-0.8432668,-0.84180325,-0.8429397,-0.8424609,-0.84206873,-0.83955383,-0.8395037,-0.8393223,-0.8359386,-0.83909374,-0.839572,-0.8348906,-0.83765197,-0.8367962,-0.83827376,-0.833702,-0.8331681,-0.8295868,-0.83370274,-0.83011425,-0.8318912,-0.8302846,-0.83087635,-0.8334287,-0.83298546,-0.82990706,-0.8301679,-0.82974464,-0.83619845,-0.8351863,-0.7377454
