,397.32,400.20,403.09,405.97,408.85,411.74,414.63,417.52,420.40,423.29,426.19,429.08,431.97,434.87,437.76,440.66,443.56,446.45,449.35,452.25,455.16,458.06,460.96,463.87,466.77,469.68,472.59,475.50,478.41,481.32,484.23,487.14,490.06,492.97,495.89,498.80,501.72,504.64,507.56,510.48,513.40,516.33,519.25,522.18,525.10,528.03,530.96,533.89,536.82,539.75,542.68,545.62,548.55,551.49,554.43,557.36,560.30,563.24,566.18,569.12,572.07,575.01,577.96,580.90,583.85,586.80,589.75,592.70,595.65,598.60,601.55,604.51,607.46,610.42,613.38,616.34,619.30,622.26,625.22,628.18,631.15,634.11,637.08,640.04,643.01,645.98,648.95,651.92,654.89,657.87,660.84,663.81,666.79,669.77,672.75,675.73,678.71,681.69,684.67,687.65,690.64,693.62,696.61,699.60,702.58,705.57,708.57,711.56,714.55,717.54,720.54,723.53,726.53,729.53,732.53,735.53,738.53,741.53,744.53,747.54,750.54,753.55,756.56,759.56,762.57,765.58,768.60,771.61,774.62,777.64,780.65,783.67,786.68,789.70,792.72,795.74,798.77,801.79,804.81,807.84,810.86,813.89,816.92,819.95,822.98,826.01,829.04,832.07,835.11,838.14,841.18,844.22,847.25,850.29,853.33,856.37,859.42,862.46,865.50,868.55,871.60,874.64,877.69,880.74,883.79,886.84,889.90,892.95,896.01,899.06,902.12,905.18,908.24,911.30,914.36,917.42,920.48,923.55,926.61,929.68,932.74,935.81,938.88,941.95,945.02,948.10,951.17,954.24,957.32,960.40,963.47,966.55,969.63,972.71,975.79,978.88,981.96,985.05,988.13,991.22,994.31,997.40,1000.49,1003.58
397.32,0.0,0.13255848,0.19522429,0.2439917,0.2869702,0.31868595,0.33347633,0.3449329,0.35466513,0.36228672,0.36750135,0.36786246,0.38702005,0.40098813,0.40836412,0.41544387,0.4202981,0.41688195,0.41601548,0.41138986,0.4078426,0.40566224,0.40824047,0.40910125,0.40863276,0.40853688,0.41018713,0.41025165,0.4107966,0.4076677,0.4007523,0.39328316,0.38459426,0.37070262,0.34995407,0.32125598,0.28684822,0.24461102,0.1961049,0.14103524,0.08271567,0.021241834,-0.036211535,-0.08852503,-0.1316827,-0.16709045,-0.19105797,-0.21034577,-0.22128181,-0.2293338,-0.23382731,-0.23938723,-0.24262702,-0.24410225,-0.2427694,-0.23585092,-0.22437501,-0.21044517,-0.19174,-0.1681901,-0.14262095,-0.11994775,-0.09762956,-0.07964883,-0.06458521,-0.05269043,-0.040405262,-0.03358065,-0.025556829,-0.020120984,-0.011385081,-0.0020945533,0.011941085,0.029279906,0.048460223,0.06355154,0.07610313,0.08353501,0.08660481,0.087984905,0.09262902,0.10160333,0.117343836,0.1387736,0.16390859,0.18658996,0.20699097,0.22222732,0.23799136,0.26426739,0.29470712,0.32076353,0.3454174,0.36046806,0.36308932,0.3599328,0.34936154,0.32443303,0.27161402,0.18222336,0.08021349,-0.032489575,-0.1383245,-0.23151992,-0.30935317,-0.37030676,-0.42071092,-0.46267527,-0.49789613,-0.52763116,-0.5526631,-0.57149315,-0.58753675,-0.60106224,-0.61045516,-0.61784863,-0.62554353,-0.62877655,-0.63203055,-0.63454884,-0.6360994,-0.63779587,-0.6396305,-0.6438603,-0.6397125,-0.6380504,-0.63941747,-0.6407174,-0.6406935,-0.64113563,-0.64146847,-0.6419274,-0.6408685,-0.64210105,-0.6417686,-0.6419102,-0.6412105,-0.6418511,-0.6417174,-0.64122474,-0.6420329,-0.6437072,-0.6412196,-0.6422082,-0.6424077,-0.6427625,-0.6429371,-0.6428068,-0.6425124,-0.6409594,-0.6419008,-0.6418616,-0.64211535,-0.6433469,-0.6444241,-0.6432233,-0.6438253,-0.64208084,-0.64383835,-0.64409983,-0.64339083,-0.64545304,-0.6436126,-0.6428016,-0.6449348,-0.64358896,-0.64166373,-0.64308107,-0.64163685,-0.6444826,-0.643037,-0.6458258,-0.64701456,-0.64607114,-0.639973,-0.6403047,-0.6361583,-0.64385045,-0.6344047,-0.6466638,-0.64199704,-0.63535106,-0.63854223,-0.624922,-0.62622184,-0.62966675,-0.62821037,-0.6289235,-0.61460465,-0.62844384,-0.6277232,-0.62243456,-0.6205815,-0.61663336,-0.6232081,-0.62331104,-0.61098605,-0.62586886,-0.6205795,-0.6275563,-0.6157287,-0.62146205,-0.62744874,-0.44468316
400.20,-0.13255848,0.0,0.064432174,0.115362085,0.16087762,0.1948578,0.21079543,0.2232186,0.23380297,0.24211435,0.24777846,0.24814896,0.2691167,0.28448102,0.2926579,0.30051965,0.30598456,0.30223674,0.30136156,0.29630488,0.29241887,0.2900568,0.29289058,0.29388556,0.29335222,0.2932437,0.29508528,0.29518077,0.29585645,0.29238904,0.28476253,0.27654427,0.26705638,0.25192162,0.22940703,0.19843704,0.16166542,0.11698086,0.06629425,0.009560793,-0.04962706,-0.11102297,-0.16748609,-0.21814905,-0.25942144,-0.29292655,-0.3154279,-0.3334302,-0.34359702,-0.35106537,-0.35521322,-0.36035633,-0.36334714,-0.36470732,-0.36347806,-0.3570907,-0.3464589,-0.3335129,-0.316044,-0.2939351,-0.26976502,-0.24819791,-0.22683823,-0.20953368,-0.19496982,-0.18343423,-0.17147392,-0.16481717,-0.1569621,-0.15163217,-0.14305973,-0.13392912,-0.12009136,-0.10291792,-0.0838245,-0.06873733,-0.05613409,-0.04866162,-0.045558345,-0.044175852,-0.039477475,-0.030408232,-0.01442821,0.0073933383,0.0331554,0.056525663,0.07766776,0.09352132,0.110006005,0.13767035,0.16997516,0.19778152,0.22428553,0.24057482,0.24332598,0.23985775,0.22837561,0.20151965,0.14522794,0.05180244,-0.052085347,-0.1637173,-0.26562035,-0.35303155,-0.4243867,-0.47924906,-0.52394503,-0.56069666,-0.59121764,-0.61675835,-0.63810784,-0.65406483,-0.6676052,-0.6789708,-0.6868376,-0.69302183,-0.6994459,-0.70213836,-0.70484346,-0.7069384,-0.70822686,-0.70964396,-0.71117145,-0.7146963,-0.7112409,-0.70985323,-0.7109987,-0.71208817,-0.71206796,-0.7124346,-0.7127162,-0.71309566,-0.7122106,-0.71323663,-0.71295846,-0.7130751,-0.7124906,-0.71302974,-0.712918,-0.7125018,-0.71317816,-0.71456945,-0.71249574,-0.713323,-0.7134934,-0.71378887,-0.7139419,-0.71383214,-0.7135868,-0.71228755,-0.7130723,-0.7130456,-0.71325254,-0.71428704,-0.7151816,-0.71418095,-0.7146793,-0.7132302,-0.7146941,-0.7149106,-0.7143227,-0.7160529,-0.71450484,-0.7138348,-0.715615,-0.71449023,-0.71288544,-0.71407014,-0.71285975,-0.71523213,-0.71402925,-0.7163668,-0.71735966,-0.71656907,-0.7114683,-0.71175236,-0.70829904,-0.7147246,-0.7068142,-0.71705997,-0.7131413,-0.7075544,-0.7102666,-0.6988473,-0.69998467,-0.70286083,-0.7016588,-0.7022524,-0.6902612,-0.7018679,-0.7012744,-0.6968729,-0.69531465,-0.6920029,-0.6975146,-0.69765055,-0.68726987,-0.6997342,-0.6953102,-0.70113456,-0.69118583,-0.6960252,-0.7010385,-0.5444166
403.09,-0.19522429,-0.064432174,0.0,0.05134964,0.09753978,0.13222075,0.14855967,0.16132677,0.1722171,0.18077117,0.18660037,0.1869753,0.2086201,0.2245318,0.233015,0.24121295,0.24693386,0.24305657,0.24219133,0.2369652,0.23295006,0.23052008,0.2334759,0.2345352,0.23394574,0.23385884,0.23576239,0.23588651,0.23660287,0.23300876,0.2250952,0.21659893,0.2068085,0.19120963,0.16806132,0.13630502,0.098779045,0.05339653,0.0022399542,-0.054617357,-0.11349558,-0.17408887,-0.22938125,-0.2786505,-0.31854102,-0.3507649,-0.3723254,-0.3895305,-0.3992277,-0.40634334,-0.41029558,-0.41518894,-0.41803154,-0.41932264,-0.41815683,-0.41208145,-0.40195987,-0.38960546,-0.37291473,-0.35172746,-0.32849944,-0.30770534,-0.2870536,-0.27027538,-0.25613073,-0.2449034,-0.2332407,-0.22674239,-0.2190698,-0.21385728,-0.2054656,-0.1965224,-0.1829505,-0.16606396,-0.14725266,-0.13235389,-0.11988083,-0.11248083,-0.10940143,-0.108032346,-0.103368185,-0.09436269,-0.07846128,-0.05671319,-0.030953158,-0.0075292736,0.013724598,0.029696632,0.04633744,0.074365094,0.10721967,0.13557598,0.16272458,0.1794343,0.18221702,0.1786358,0.1668158,0.13929436,0.08193181,-0.01236323,-0.115899,-0.22566588,-0.32449248,-0.40822387,-0.4758543,-0.5274127,-0.5691286,-0.6032384,-0.63143337,-0.65493673,-0.6745232,-0.6891253,-0.7014903,-0.71185213,-0.7190138,-0.7246383,-0.73048306,-0.73292506,-0.7353793,-0.7372812,-0.7384522,-0.7397387,-0.7411347,-0.7443411,-0.7411924,-0.7399296,-0.7409757,-0.7419686,-0.74194944,-0.7422854,-0.74254036,-0.74288267,-0.74207586,-0.74301076,-0.7427615,-0.74286056,-0.74233466,-0.7428244,-0.7427214,-0.7423382,-0.74296176,-0.74422777,-0.74233466,-0.74309003,-0.7432444,-0.7435143,-0.7436542,-0.74355763,-0.74333394,-0.74214685,-0.7428611,-0.7428353,-0.74302655,-0.74397224,-0.74478436,-0.74387234,-0.7443277,-0.74300426,-0.7443403,-0.7445402,-0.74400705,-0.7455799,-0.74416685,-0.7435566,-0.7451797,-0.7441513,-0.7426997,-0.74377996,-0.74266964,-0.7448394,-0.7437326,-0.74586815,-0.74677324,-0.746055,-0.7414058,-0.7416689,-0.7385189,-0.74438,-0.7371664,-0.7465114,-0.7429184,-0.7378496,-0.74030924,-0.7299062,-0.73095965,-0.7335794,-0.73250186,-0.7330478,-0.7220931,-0.73269683,-0.732168,-0.7281436,-0.72675014,-0.72370803,-0.72873265,-0.72888076,-0.7193838,-0.7307768,-0.7267474,-0.73205715,-0.72297317,-0.7273656,-0.7319518,-0.58769965
405.97,-0.2439917,-0.115362085,-0.05134964,0.0,0.04644623,0.081488274,0.098046176,0.11099799,0.12207639,0.13079123,0.13671449,0.13710715,0.15918866,0.1754434,0.18414164,0.19255087,0.19843602,0.19448026,0.19361441,0.18829267,0.18418576,0.18170854,0.18472332,0.18583243,0.18521869,0.18512896,0.18709436,0.1872182,0.18797879,0.18430611,0.17619881,0.16750517,0.15752693,0.14164066,0.11809457,0.08587843,0.047964886,0.0023027668,-0.04891018,-0.10550943,-0.16376998,-0.22335686,-0.27739945,-0.32529467,-0.36389792,-0.3949569,-0.4156826,-0.4321852,-0.44147268,-0.44828364,-0.45206144,-0.4567394,-0.45945844,-0.46069267,-0.45957917,-0.45376945,-0.44408777,-0.43225572,-0.41624328,-0.39587715,-0.37349167,-0.35341302,-0.33342728,-0.3171581,-0.30341473,-0.29249543,-0.2811363,-0.27480417,-0.26731873,-0.26222822,-0.25402752,-0.2452883,-0.23200217,-0.21545017,-0.19696876,-0.18231343,-0.17002212,-0.16272809,-0.15968503,-0.15833572,-0.15372752,-0.14482932,-0.12909319,-0.1075399,-0.081947595,-0.058627963,-0.03741456,-0.021447407,-0.00478175,0.023363998,0.05646628,0.085101135,0.11260404,0.12957041,0.1323812,0.1287184,0.1167083,0.08880232,0.030917263,-0.06350085,-0.1661161,-0.273746,-0.36961928,-0.45008516,-0.51455754,-0.5633948,-0.6027205,-0.6347391,-0.66111207,-0.68303674,-0.7012673,-0.7148335,-0.7263047,-0.73590696,-0.7425368,-0.74774224,-0.7531466,-0.7554023,-0.75766927,-0.75942653,-0.76050884,-0.7617014,-0.7629928,-0.7659654,-0.7630399,-0.76187795,-0.7628474,-0.7637704,-0.7637495,-0.7640634,-0.76429945,-0.7646161,-0.7638666,-0.7647348,-0.76450306,-0.7645928,-0.7641036,-0.76456076,-0.7644686,-0.76411104,-0.76468456,-0.76585734,-0.7641041,-0.76480615,-0.76494944,-0.7652016,-0.76532584,-0.76523757,-0.7650307,-0.7639347,-0.7645924,-0.7645685,-0.7647463,-0.7656231,-0.7663764,-0.7655307,-0.7659528,-0.7647302,-0.76596516,-0.76614857,-0.76565343,-0.7671135,-0.765805,-0.76523757,-0.76674634,-0.76579434,-0.76444316,-0.76544577,-0.764422,-0.7664261,-0.7654006,-0.7673824,-0.7682266,-0.7675533,-0.7632533,-0.7634908,-0.7605763,-0.7660061,-0.75931984,-0.76798826,-0.7646469,-0.75995195,-0.76222765,-0.7525894,-0.75355875,-0.7560064,-0.755026,-0.7555201,-0.7453638,-0.7552214,-0.754724,-0.7509943,-0.74971575,-0.7468869,-0.751538,-0.7516753,-0.7428749,-0.75344086,-0.74969786,-0.7546208,-0.74618614,-0.750252,-0.7545125,-0.6198567
408.85,-0.2869702,-0.16087762,-0.09753978,-0.04644623,0.0,0.03519545,0.051865432,0.06493573,0.07611969,0.08492925,0.09091716,0.09132165,0.113687105,0.13018271,0.13904065,0.14760149,0.15360658,0.1495933,0.14873452,0.14332137,0.13915455,0.136651,0.13972153,0.14085115,0.14023076,0.14014064,0.14214301,0.14228341,0.14306463,0.13932867,0.13108045,0.12226025,0.11215156,0.09607466,0.07227836,0.039800193,0.0017177857,-0.04397423,-0.09498528,-0.15107894,-0.2085069,-0.26692,-0.3196189,-0.36610255,-0.40341377,-0.43333474,-0.4532503,-0.4690854,-0.47798485,-0.48450476,-0.48811677,-0.49259767,-0.49519855,-0.4963791,-0.4953135,-0.48975703,-0.48048925,-0.46915025,-0.4537919,-0.43421713,-0.4126618,-0.3932863,-0.37396705,-0.3582093,-0.34488088,-0.3342792,-0.32323676,-0.31707686,-0.3097893,-0.30482978,-0.29683682,-0.2883145,-0.27534476,-0.25916165,-0.24106345,-0.22668481,-0.21461609,-0.20744191,-0.20445065,-0.20312606,-0.19859143,-0.18983187,-0.17431381,-0.15304126,-0.12771809,-0.10460246,-0.08353026,-0.06764082,-0.05103412,-0.022920383,0.0102395145,0.038997427,0.06669336,0.08381353,0.086629696,0.08292032,0.07078433,0.042667698,-0.015416113,-0.10948032,-0.21079159,-0.31603324,-0.40891954,-0.48623568,-0.54775906,-0.5941113,-0.63128245,-0.6614362,-0.68620545,-0.7067513,-0.7238065,-0.7364745,-0.7471758,-0.7561238,-0.7622975,-0.7671416,-0.77217156,-0.7742671,-0.7763745,-0.77800864,-0.77901566,-0.78012437,-0.7813241,-0.7840876,-0.781375,-0.7802927,-0.7811957,-0.78205395,-0.78203374,-0.7823264,-0.782548,-0.78284085,-0.78214175,-0.7829499,-0.78273356,-0.7828165,-0.78236336,-0.7827868,-0.7827026,-0.7823681,-0.78290313,-0.7839933,-0.78236204,-0.78301114,-0.7831468,-0.78338313,-0.78349966,-0.7834189,-0.7832269,-0.7822023,-0.78281814,-0.7827942,-0.7829642,-0.78377914,-0.78447896,-0.78369355,-0.7840846,-0.78294355,-0.78409946,-0.7842688,-0.78380734,-0.78516746,-0.7839468,-0.7834202,-0.7848188,-0.78393644,-0.78267956,-0.7836101,-0.78264916,-0.7845213,-0.78357077,-0.7854159,-0.7861977,-0.7855708,-0.7815605,-0.7817957,-0.77907544,-0.7841375,-0.7779014,-0.78595865,-0.78284115,-0.7784697,-0.7806086,-0.77162117,-0.77252966,-0.7748121,-0.7738931,-0.77435106,-0.7648957,-0.7740788,-0.7736382,-0.7701703,-0.7689599,-0.7663312,-0.77067304,-0.7708168,-0.7625689,-0.77243704,-0.7689464,-0.77352566,-0.7656533,-0.769455,-0.7734338,-0.6470792
411.74,-0.31868595,-0.1948578,-0.13222075,-0.081488274,-0.03519545,0.0,0.016704833,0.029820697,0.041053265,0.04991011,0.055936527,0.056337178,0.078863256,0.09548901,0.104433745,0.113097325,0.11917646,0.11512382,0.114269555,0.10881026,0.104609884,0.102088064,0.10519407,0.106342286,0.10571443,0.1056187,0.10764858,0.10779519,0.10859728,0.10482136,0.09650006,0.08759437,0.07741791,0.061237495,0.037320074,0.0047404566,-0.033356562,-0.0789339,-0.1296405,-0.18518595,-0.24182782,-0.29920664,-0.35076046,-0.39608175,-0.4323505,-0.4613644,-0.48064792,-0.49595177,-0.50454843,-0.5108424,-0.5143281,-0.51864964,-0.5211572,-0.52229726,-0.52127147,-0.5159105,-0.5069677,-0.49601483,-0.48116556,-0.46221745,-0.44131947,-0.4225075,-0.40372616,-0.3883876,-0.37539712,-0.36506093,-0.35428023,-0.34826607,-0.3411469,-0.3362928,-0.32848057,-0.32013607,-0.30743796,-0.29157293,-0.27380577,-0.2596793,-0.24780773,-0.240752,-0.237802,-0.23649916,-0.23203138,-0.22339764,-0.2080953,-0.18709257,-0.16204943,-0.13915373,-0.11824764,-0.10246575,-0.0859502,-0.057944544,-0.024840254,0.0039257244,0.03168717,0.04887758,0.051696323,0.047958724,0.03576729,0.007566428,-0.050495367,-0.1440152,-0.24405237,-0.3472418,-0.43768862,-0.5125141,-0.57176435,-0.61622685,-0.6517744,-0.68054163,-0.7041193,-0.7236445,-0.73983383,-0.75184387,-0.761984,-0.7704571,-0.7762975,-0.7808791,-0.78563744,-0.78761744,-0.7896079,-0.791152,-0.79210395,-0.7931542,-0.7942864,-0.79690206,-0.7943306,-0.7933082,-0.7941653,-0.7949794,-0.79496163,-0.7952364,-0.7954442,-0.7957253,-0.79506135,-0.79582655,-0.7956218,-0.7956994,-0.79526913,-0.79566896,-0.7955907,-0.7952739,-0.7957769,-0.7968065,-0.7952634,-0.7958815,-0.7960091,-0.796231,-0.79634625,-0.79626834,-0.79608715,-0.7951192,-0.7956987,-0.79567486,-0.79583776,-0.7966088,-0.79726976,-0.79652405,-0.7969011,-0.7958163,-0.79691064,-0.797073,-0.7966345,-0.7979197,-0.7967676,-0.7962674,-0.7975941,-0.7967526,-0.7955647,-0.7964518,-0.7955385,-0.7973044,-0.79640615,-0.79815876,-0.79889643,-0.79830563,-0.7945104,-0.79473287,-0.7921556,-0.79695916,-0.79104584,-0.7986789,-0.79570955,-0.7915677,-0.79358506,-0.7850828,-0.78594464,-0.7881102,-0.7872577,-0.7876877,-0.7787301,-0.78743905,-0.78701776,-0.78373146,-0.7826155,-0.78009605,-0.7842024,-0.784358,-0.7765227,-0.7858954,-0.7825847,-0.78693116,-0.77945364,-0.7830467,-0.7868181,-0.66660434
414.63,-0.33347633,-0.21079543,-0.14855967,-0.098046176,-0.051865432,-0.016704833,0.0,0.013123538,0.024369014,0.03324078,0.039272107,0.039681025,0.062255096,0.07893091,0.08791514,0.0966109,0.102725655,0.09865483,0.09780444,0.09233415,0.08811783,0.085587144,0.08870769,0.089866094,0.089230604,0.08913909,0.091179654,0.09132717,0.09213982,0.08834694,0.079991624,0.07106316,0.060857568,0.044641476,0.020683551,-0.011920912,-0.050000887,-0.09549224,-0.14602315,-0.20127232,-0.257505,-0.31435254,-0.36533317,-0.41007644,-0.44583333,-0.47440234,-0.4933731,-0.50842094,-0.51686907,-0.5230549,-0.52647674,-0.53072387,-0.53318924,-0.53431,-0.53330314,-0.5280379,-0.51924974,-0.5084842,-0.49388364,-0.47524336,-0.45466688,-0.43613783,-0.41762006,-0.40248656,-0.38966966,-0.3794598,-0.3688125,-0.3628703,-0.35583562,-0.351038,-0.34331116,-0.33506015,-0.3224983,-0.30679289,-0.2891964,-0.27520198,-0.2634287,-0.25643143,-0.25350496,-0.25221246,-0.24778235,-0.23921005,-0.22401825,-0.20315374,-0.17825606,-0.15547943,-0.13466178,-0.118940234,-0.10248534,-0.074547276,-0.04148748,-0.012736778,0.015038549,0.03224812,0.03506665,0.031317245,0.01910764,-0.009109315,-0.067121275,-0.16032918,-0.2597065,-0.3618656,-0.45110443,-0.5247171,-0.58286726,-0.62642723,-0.66120267,-0.68931,-0.71232575,-0.7313707,-0.74715704,-0.7588599,-0.7687348,-0.77698505,-0.78267163,-0.78713244,-0.79176337,-0.793688,-0.795626,-0.7971271,-0.79805416,-0.7990783,-0.80018336,-0.8027286,-0.80021614,-0.79922694,-0.8000616,-0.80085766,-0.80083555,-0.80110526,-0.8013078,-0.80158144,-0.8009348,-0.80167884,-0.8014815,-0.8015541,-0.80113983,-0.80152595,-0.80145127,-0.8011436,-0.8016337,-0.80263615,-0.80113137,-0.8017316,-0.8018591,-0.8020734,-0.8021834,-0.8021094,-0.80193055,-0.800987,-0.8015549,-0.8015322,-0.80169046,-0.8024439,-0.8030873,-0.8023568,-0.802727,-0.8016654,-0.8027324,-0.8028904,-0.8024682,-0.80372,-0.80259305,-0.8021067,-0.8034012,-0.8025834,-0.8014264,-0.80229104,-0.801405,-0.80311954,-0.8022427,-0.8039524,-0.80467623,-0.8040892,-0.80040556,-0.8006127,-0.798106,-0.80278,-0.79702073,-0.80446017,-0.80156827,-0.79752743,-0.799499,-0.7912069,-0.79206216,-0.7941712,-0.7933409,-0.7937455,-0.7850275,-0.7935137,-0.7931075,-0.7899091,-0.7888079,-0.7863691,-0.79037243,-0.7905224,-0.78289443,-0.7920191,-0.7888021,-0.79302,-0.7857203,-0.7892552,-0.7929155,-0.6755524
417.52,-0.3449329,-0.2232186,-0.16132677,-0.11099799,-0.06493573,-0.029820697,-0.013123538,0.0,0.01125051,0.020128522,0.026167283,0.026573073,0.0491806,0.06588752,0.074892834,0.08361325,0.08974944,0.08566669,0.084821984,0.079337776,0.0751071,0.072580114,0.07570759,0.076868154,0.076234035,0.076143235,0.07818607,0.07833636,0.07915561,0.075354226,0.066975705,0.058025993,0.047807116,0.03157238,0.007599133,-0.025003694,-0.063040644,-0.10843229,-0.1587841,-0.21376328,-0.26963425,-0.32604074,-0.37654957,-0.4208282,-0.4561688,-0.48439023,-0.5031172,-0.5179645,-0.5262953,-0.53239346,-0.5357741,-0.5399584,-0.5423866,-0.54349244,-0.5424985,-0.5373071,-0.5286411,-0.5180241,-0.5036156,-0.4852158,-0.46489835,-0.4465834,-0.42828116,-0.41331375,-0.40062937,-0.3905298,-0.37998465,-0.3741024,-0.3671346,-0.3623826,-0.35472628,-0.34655225,-0.3341009,-0.3185304,-0.3010765,-0.287185,-0.27550504,-0.26854947,-0.26565054,-0.26436192,-0.2599615,-0.25144795,-0.23635355,-0.21561502,-0.19084698,-0.1681815,-0.14745556,-0.13179067,-0.11538969,-0.087528124,-0.054533616,-0.02581631,0.0019477574,0.01916163,0.021975622,0.018224543,0.006007682,-0.0222043,-0.08013118,-0.1730177,-0.27179953,-0.3731012,-0.46136782,-0.5340225,-0.5913281,-0.6341919,-0.66837496,-0.69597983,-0.71856827,-0.737253,-0.7527295,-0.76420116,-0.773879,-0.7819617,-0.7875304,-0.7918984,-0.796434,-0.79831946,-0.8002155,-0.8016868,-0.8025936,-0.8035949,-0.8046759,-0.8071694,-0.80471456,-0.80374193,-0.80456084,-0.80533683,-0.80531776,-0.80558145,-0.8057801,-0.8060462,-0.8054129,-0.806143,-0.8059473,-0.8060208,-0.8056115,-0.8059924,-0.8059166,-0.805615,-0.8060973,-0.8070772,-0.8056031,-0.80619234,-0.8063152,-0.806525,-0.80663776,-0.80656374,-0.80638826,-0.8054625,-0.8060199,-0.80599517,-0.8061514,-0.8068876,-0.80751854,-0.8068064,-0.80716395,-0.80612624,-0.8071748,-0.8073307,-0.80691373,-0.8081427,-0.80703634,-0.80656075,-0.80783194,-0.8070264,-0.8058942,-0.8067402,-0.8058659,-0.80755806,-0.8066991,-0.8083651,-0.8090738,-0.80850935,-0.8048858,-0.80509377,-0.80263174,-0.80722153,-0.8015783,-0.80885464,-0.8060139,-0.8020663,-0.80398464,-0.79588103,-0.7967107,-0.79877484,-0.79796773,-0.79836833,-0.7898219,-0.7981423,-0.7977429,-0.7946111,-0.79352343,-0.79113996,-0.79506457,-0.7952124,-0.7877299,-0.7966681,-0.7935085,-0.7976541,-0.79051507,-0.79396117,-0.79753745,-0.6823309
420.40,-0.35466513,-0.23380297,-0.1722171,-0.12207639,-0.07611969,-0.041053265,-0.024369014,-0.01125051,0.0,0.008880368,0.014922716,0.015330195,0.037958972,0.0546894,0.06371497,0.07245227,0.07860438,0.074515656,0.07367568,0.068181776,0.063946,0.061412312,0.06454817,0.06571347,0.06507679,0.064985566,0.06703633,0.067186914,0.06801264,0.06420321,0.055809245,0.046845876,0.036616787,0.020367542,-0.003615562,-0.036212962,-0.07420966,-0.119513564,-0.16971071,-0.2244588,-0.28002438,-0.33604565,-0.38615644,-0.4300312,-0.46502647,-0.4929391,-0.5114555,-0.52613163,-0.53435975,-0.54038787,-0.5437232,-0.54785657,-0.55025667,-0.55134726,-0.550369,-0.54524064,-0.53667986,-0.5261864,-0.511949,-0.49375266,-0.47365353,-0.45552814,-0.4374064,-0.42258298,-0.41001508,-0.40000486,-0.3895521,-0.38372162,-0.376812,-0.37210166,-0.3645068,-0.35639557,-0.34404075,-0.32858345,-0.3112508,-0.29745007,-0.28584376,-0.27893606,-0.27604747,-0.2747695,-0.2703941,-0.26193106,-0.24691817,-0.22628765,-0.20163642,-0.17906229,-0.15841036,-0.14280011,-0.12644674,-0.09865403,-0.06571364,-0.037027244,-0.009272985,0.007941161,0.010753257,0.006997863,-0.0052225087,-0.033428002,-0.09128271,-0.18389064,-0.28217536,-0.3827361,-0.4701672,-0.5420077,-0.598576,-0.6408408,-0.6745148,-0.7016878,-0.7239068,-0.7422812,-0.7574971,-0.7687661,-0.77827513,-0.7862151,-0.79168403,-0.7959733,-0.80042833,-0.8022792,-0.8041415,-0.8055822,-0.806472,-0.8074574,-0.808515,-0.8109641,-0.80855095,-0.80759805,-0.8084034,-0.809167,-0.80914605,-0.80940497,-0.80960107,-0.8098603,-0.8092384,-0.8099556,-0.8097632,-0.8098353,-0.8094334,-0.8098074,-0.80973554,-0.80943614,-0.8099092,-0.8108717,-0.80942357,-0.81000197,-0.8101234,-0.81033075,-0.8104384,-0.81036747,-0.81019837,-0.8092874,-0.8098364,-0.8098096,-0.80996144,-0.81068766,-0.8113088,-0.81060725,-0.81095946,-0.8099411,-0.810969,-0.81112146,-0.81071156,-0.8119173,-0.81083167,-0.81036276,-0.8116169,-0.8108234,-0.8097114,-0.81053996,-0.8096864,-0.8113399,-0.8104978,-0.8121406,-0.8128334,-0.8122775,-0.8087248,-0.8089333,-0.80651337,-0.8110204,-0.8054681,-0.8126125,-0.809811,-0.8059348,-0.8078361,-0.79985154,-0.80067563,-0.80269897,-0.8019091,-0.8022999,-0.79391044,-0.8020838,-0.8016962,-0.7986223,-0.7975713,-0.79521793,-0.79906183,-0.7992218,-0.7918654,-0.8006569,-0.7975471,-0.801628,-0.79459006,-0.79797935,-0.8015024,-0.68816733
423.29,-0.36228672,-0.24211435,-0.18077117,-0.13079123,-0.08492925,-0.04991011,-0.03324078,-0.020128522,-0.008880368,0.0,0.006043002,0.006450599,0.029087558,0.045833334,0.054868113,0.06361807,0.06978216,0.065694876,0.064851955,0.05935399,0.055115063,0.052579995,0.05571758,0.056888133,0.05624749,0.05615908,0.058211893,0.05836513,0.059195418,0.055379145,0.046975214,0.038003217,0.0277672,0.01151035,-0.012476985,-0.04506501,-0.08302454,-0.12825112,-0.17832394,-0.23287633,-0.2881887,-0.34389797,-0.39367858,-0.43722674,-0.47193646,-0.4996058,-0.5179528,-0.5324861,-0.5406375,-0.5466038,-0.5499102,-0.55400354,-0.5563775,-0.5574589,-0.5564881,-0.5514111,-0.5429353,-0.532545,-0.51844215,-0.5004151,-0.4804942,-0.46252397,-0.44454873,-0.4298386,-0.4173686,-0.40743017,-0.39705262,-0.3912622,-0.38440415,-0.37972346,-0.3721777,-0.3641199,-0.35184455,-0.33648202,-0.3192472,-0.3055274,-0.2939786,-0.28710303,-0.28423035,-0.282959,-0.27860272,-0.27017838,-0.25523508,-0.23468825,-0.21013005,-0.18763344,-0.16704816,-0.15147771,-0.13516226,-0.10742256,-0.07453365,-0.045874,-0.018133346,-0.00092040544,0.0018899717,-0.0018687117,-0.014088406,-0.042281006,-0.10006795,-0.19244544,-0.29031888,-0.39027652,-0.4770344,-0.5482138,-0.6041907,-0.64597684,-0.6792454,-0.7060771,-0.72800773,-0.7461336,-0.7611414,-0.7722552,-0.78162885,-0.78945756,-0.7948487,-0.79907537,-0.80346465,-0.8052889,-0.8071233,-0.8085446,-0.8094218,-0.8103923,-0.8114375,-0.81385016,-0.81146985,-0.8105324,-0.81132513,-0.8120769,-0.8120559,-0.81231374,-0.81250566,-0.8127622,-0.81214756,-0.812856,-0.8126667,-0.8127368,-0.81234145,-0.8127109,-0.81263965,-0.81234396,-0.81281143,-0.81376207,-0.8123304,-0.81290156,-0.81302387,-0.81322414,-0.813331,-0.81326216,-0.81309223,-0.81219745,-0.8127349,-0.812712,-0.8128628,-0.8135786,-0.8141887,-0.8134977,-0.8138444,-0.812839,-0.81385297,-0.8140037,-0.8136007,-0.81479096,-0.8137185,-0.8132589,-0.81449044,-0.8137093,-0.8126134,-0.81343263,-0.8125877,-0.81422055,-0.81338894,-0.8150099,-0.81569386,-0.81513965,-0.81164026,-0.8118415,-0.80946004,-0.8139046,-0.8084269,-0.81548095,-0.8127133,-0.8088832,-0.81076205,-0.80289674,-0.8036956,-0.80570453,-0.80492294,-0.8053185,-0.79702777,-0.8051024,-0.8047129,-0.80168724,-0.8006359,-0.79831976,-0.802126,-0.8022742,-0.79502535,-0.80368227,-0.80062395,-0.8046427,-0.79770285,-0.8010478,-0.8045138,-0.6926514
426.19,-0.36750135,-0.24777846,-0.18660037,-0.13671449,-0.09091716,-0.055936527,-0.039272107,-0.026167283,-0.014922716,-0.006043002,0.0,0.00040805616,0.023051139,0.039803613,0.048845287,0.05760252,0.06377093,0.059676565,0.058838155,0.05333563,0.049093038,0.046557996,0.049700174,0.050870486,0.050232567,0.05014149,0.0521971,0.052349985,0.05318192,0.04936364,0.040953655,0.031977605,0.021739429,0.005481387,-0.018503692,-0.051075272,-0.08899956,-0.1341618,-0.18413047,-0.23854056,-0.29367533,-0.34916607,-0.39872482,-0.44205442,-0.47656995,-0.50408,-0.5223138,-0.53675854,-0.5448562,-0.55078506,-0.5540696,-0.5581361,-0.5604942,-0.561567,-0.56060195,-0.55555886,-0.54713976,-0.53681487,-0.5228027,-0.5048832,-0.48507702,-0.467209,-0.44933495,-0.4347025,-0.42229193,-0.4124035,-0.40207675,-0.39631334,-0.38948748,-0.38482472,-0.37731802,-0.3692913,-0.35707092,-0.34177452,-0.3246098,-0.3109418,-0.2994356,-0.2925864,-0.2897214,-0.28845406,-0.2841142,-0.27571988,-0.2608258,-0.24034598,-0.21585898,-0.19341804,-0.17287743,-0.15734456,-0.14106014,-0.1133661,-0.08051675,-0.051884923,-0.0241594,-0.00695146,-0.004143563,-0.007902229,-0.020121103,-0.04830106,-0.10602823,-0.19822453,-0.2957882,-0.39532387,-0.48163438,-0.5523765,-0.60796803,-0.6494466,-0.68245375,-0.7090679,-0.7308119,-0.74878114,-0.7636569,-0.7746693,-0.78395927,-0.7917152,-0.797055,-0.8012422,-0.80559164,-0.8073969,-0.80921555,-0.8106237,-0.81149226,-0.81245244,-0.8134883,-0.81587625,-0.8135217,-0.8125912,-0.8133759,-0.8141231,-0.8141033,-0.8143561,-0.814547,-0.814802,-0.81419325,-0.8148946,-0.81470746,-0.8147785,-0.8143834,-0.8147494,-0.81468034,-0.81438833,-0.8148486,-0.81578636,-0.8143725,-0.81493765,-0.8150578,-0.815259,-0.815366,-0.8152973,-0.81512874,-0.81424075,-0.81477565,-0.8147519,-0.8149005,-0.81560755,-0.81621194,-0.8155297,-0.815871,-0.81487834,-0.81588024,-0.81603074,-0.81563264,-0.81680954,-0.81575006,-0.8152937,-0.81651366,-0.8157388,-0.81465197,-0.8154637,-0.81462663,-0.8162407,-0.81542146,-0.81702095,-0.8177008,-0.8171561,-0.81368417,-0.8138903,-0.8115341,-0.815933,-0.8105029,-0.8174838,-0.81474495,-0.8109514,-0.8128131,-0.8050161,-0.8058182,-0.8078058,-0.8070317,-0.80742013,-0.79921716,-0.80720186,-0.80683357,-0.8038158,-0.8027863,-0.8004945,-0.8042588,-0.80440927,-0.7972169,-0.8058102,-0.8027679,-0.8067586,-0.7998846,-0.8031952,-0.80662876,-0.6957565
429.08,-0.36786246,-0.24814896,-0.1869753,-0.13710715,-0.09132165,-0.056337178,-0.039681025,-0.026573073,-0.015330195,-0.006450599,-0.00040805616,0.0,0.02264368,0.039398436,0.04844109,0.057198334,0.06336537,0.059272226,0.058431964,0.05292963,0.048689023,0.046151895,0.049293116,0.050464023,0.049825832,0.049733356,0.051791627,0.05194536,0.05277468,0.048960146,0.04054844,0.031570736,0.021331491,0.0050722696,-0.018912772,-0.051484387,-0.08940652,-0.13456422,-0.18452583,-0.23892581,-0.2940464,-0.34952334,-0.39905927,-0.44237542,-0.4768762,-0.5043734,-0.52259946,-0.53703904,-0.5451277,-0.55105555,-0.55433273,-0.5584022,-0.5607573,-0.56183165,-0.560867,-0.55582726,-0.54741323,-0.53709066,-0.5230834,-0.50517344,-0.48537552,-0.46751535,-0.4496464,-0.4350194,-0.42261666,-0.41272977,-0.4024077,-0.39664584,-0.38982084,-0.38516563,-0.37765616,-0.36963475,-0.35741812,-0.3421249,-0.32496205,-0.3112981,-0.29979667,-0.29294756,-0.29008195,-0.2888185,-0.2844795,-0.27608705,-0.2611912,-0.24071896,-0.21623798,-0.19380537,-0.17326534,-0.15773278,-0.14145024,-0.11376386,-0.08091903,-0.052289046,-0.024564372,-0.0073580667,-0.0045503774,-0.0083089005,-0.020527633,-0.048705827,-0.10642302,-0.19861051,-0.29615495,-0.3956525,-0.48192233,-0.5526367,-0.60820615,-0.649661,-0.6826509,-0.70925087,-0.73098314,-0.74894214,-0.76380825,-0.774815,-0.7840974,-0.7918507,-0.79718715,-0.8013717,-0.8057183,-0.8075229,-0.8093396,-0.81074625,-0.8116153,-0.8125761,-0.81360865,-0.8159994,-0.81364244,-0.8127166,-0.8134995,-0.8142453,-0.81422406,-0.8144796,-0.8146694,-0.8149244,-0.8143165,-0.81501764,-0.814829,-0.814901,-0.8145062,-0.8148714,-0.81480145,-0.8145118,-0.8149708,-0.8159092,-0.8144945,-0.8150614,-0.8151787,-0.81538147,-0.81548756,-0.81541955,-0.81525064,-0.81436455,-0.81489646,-0.8148761,-0.8150221,-0.81572956,-0.81633765,-0.81565255,-0.815995,-0.8149999,-0.81600356,-0.8161517,-0.8157538,-0.8169297,-0.81587285,-0.81541455,-0.81663275,-0.8158628,-0.814777,-0.81558645,-0.8147505,-0.816363,-0.8155439,-0.8171442,-0.81782174,-0.8172745,-0.81381094,-0.81401306,-0.8116571,-0.81605643,-0.810632,-0.8176008,-0.8148698,-0.81107837,-0.8129384,-0.8051449,-0.8059438,-0.8079392,-0.80716443,-0.8075456,-0.79935855,-0.8073258,-0.806964,-0.803952,-0.80292815,-0.80062264,-0.8043867,-0.8045359,-0.7973555,-0.80593723,-0.8028986,-0.80688006,-0.80001533,-0.8033175,-0.80678076,-0.6959495
431.97,-0.38702005,-0.2691167,-0.2086201,-0.15918866,-0.113687105,-0.078863256,-0.062255096,-0.0491806,-0.037958972,-0.029087558,-0.023051139,-0.02264368,0.0,0.016770516,0.025829691,0.034610398,0.040799987,0.03669912,0.0358625,0.030349005,0.026101992,0.02356334,0.026714696,0.027891068,0.027250748,0.02715959,0.02922408,0.029379504,0.0302188,0.026392931,0.017964019,0.008975377,-0.0012693269,-0.017528474,-0.04149482,-0.07399981,-0.111781634,-0.15668651,-0.20626292,-0.26011297,-0.31454098,-0.36918402,-0.41786233,-0.460335,-0.49410763,-0.5209818,-0.5387763,-0.5528635,-0.56075215,-0.56652886,-0.5697254,-0.5736875,-0.5759855,-0.57703304,-0.576094,-0.5711774,-0.56297374,-0.5529113,-0.53924274,-0.5217573,-0.50240886,-0.48493728,-0.46744862,-0.4531205,-0.44095784,-0.43126255,-0.42113402,-0.41548052,-0.40877926,-0.4042021,-0.396828,-0.38894436,-0.37693182,-0.3618871,-0.344989,-0.33152568,-0.32018808,-0.31343305,-0.31060788,-0.30935693,-0.30507675,-0.29678974,-0.28208518,-0.26185536,-0.23763406,-0.2154198,-0.19506791,-0.17965777,-0.16350144,-0.13598838,-0.10330958,-0.07478806,-0.04713267,-0.029951874,-0.027153436,-0.030912291,-0.043116786,-0.071232125,-0.12870917,-0.2201913,-0.31659135,-0.41449547,-0.49902788,-0.568069,-0.6221642,-0.6624274,-0.69441396,-0.72016495,-0.7411802,-0.7585328,-0.7728881,-0.783508,-0.7924619,-0.79993683,-0.80508024,-0.8091138,-0.8133012,-0.8150394,-0.81678915,-0.8181434,-0.8189802,-0.8199059,-0.820901,-0.8232035,-0.8209311,-0.8200394,-0.82079476,-0.821513,-0.82149243,-0.8217384,-0.8219226,-0.8221668,-0.82158023,-0.8222573,-0.822075,-0.8221435,-0.8217641,-0.8221173,-0.8220498,-0.82176834,-0.82221013,-0.8231152,-0.8217511,-0.82229567,-0.8224124,-0.82260495,-0.82271004,-0.82264316,-0.8224798,-0.82162523,-0.8221393,-0.8221178,-0.8222601,-0.8229422,-0.8235268,-0.8228675,-0.8231987,-0.82224035,-0.8232071,-0.8233499,-0.82296693,-0.82409775,-0.82307845,-0.8226376,-0.82381374,-0.823067,-0.822023,-0.8228031,-0.8219958,-0.82355356,-0.8227629,-0.82430637,-0.82495856,-0.82443565,-0.82109374,-0.8212867,-0.81901544,-0.82326025,-0.81802195,-0.82474494,-0.8220993,-0.8184462,-0.8202439,-0.81273395,-0.8135018,-0.8154212,-0.81468123,-0.815047,-0.8071544,-0.8148457,-0.81449413,-0.811591,-0.81060654,-0.8083901,-0.8120083,-0.8121667,-0.80522716,-0.8135112,-0.8105802,-0.81442773,-0.80778563,-0.81097573,-0.8143084,-0.7071302
434.87,-0.40098813,-0.28448102,-0.2245318,-0.1754434,-0.13018271,-0.09548901,-0.07893091,-0.06588752,-0.0546894,-0.045833334,-0.039803613,-0.039398436,-0.016770516,0.0,0.009065531,0.017853064,0.02405139,0.019947965,0.019115109,0.013600003,0.00935026,0.006811106,0.009965662,0.011146035,0.01050396,0.010413803,0.012481048,0.0126390625,0.013481568,0.009653239,0.001219518,-0.0077712773,-0.018012324,-0.03426002,-0.05819364,-0.09062448,-0.12827206,-0.17295775,-0.22221461,-0.2756266,-0.3295103,-0.3835084,-0.43152812,-0.47336355,-0.5065867,-0.53299963,-0.5504735,-0.5642973,-0.5720376,-0.5777041,-0.5808392,-0.5847281,-0.58697975,-0.5880051,-0.58708537,-0.5822634,-0.57422245,-0.56434697,-0.5509342,-0.5337608,-0.5147506,-0.49757302,-0.48037082,-0.46626145,-0.45428544,-0.4447347,-0.4347543,-0.42918321,-0.42257482,-0.41806087,-0.41078788,-0.40301058,-0.39115044,-0.37629688,-0.35960296,-0.34629396,-0.33508483,-0.32840234,-0.3256042,-0.32436997,-0.3201362,-0.3119352,-0.29737347,-0.277334,-0.25332743,-0.23129158,-0.21108645,-0.19577582,-0.17972107,-0.15235737,-0.119824305,-0.09140103,-0.06381524,-0.046665683,-0.043875556,-0.04763125,-0.05981949,-0.08786698,-0.14512548,-0.2360344,-0.33152935,-0.42820734,-0.51142836,-0.5792226,-0.6322301,-0.6716195,-0.7028715,-0.7280086,-0.74850607,-0.7654176,-0.77940243,-0.7897436,-0.7984616,-0.80573606,-0.81074053,-0.8146649,-0.818739,-0.82042885,-0.82213044,-0.8234474,-0.8242611,-0.82516223,-0.82613045,-0.82837003,-0.82615936,-0.8252911,-0.82602745,-0.8267275,-0.826707,-0.8269466,-0.8271245,-0.8273627,-0.8267918,-0.82744914,-0.8272737,-0.827338,-0.8269694,-0.8273136,-0.8272479,-0.82697415,-0.8274033,-0.82828414,-0.82695615,-0.8274859,-0.8275992,-0.8277886,-0.82789034,-0.8278253,-0.8276685,-0.8268354,-0.82733524,-0.82731164,-0.8274533,-0.8281181,-0.82868546,-0.82804346,-0.8283636,-0.827432,-0.8283729,-0.828511,-0.82813853,-0.82924116,-0.8282482,-0.8278171,-0.82896674,-0.8282399,-0.8272227,-0.8279817,-0.82719475,-0.8287133,-0.8279407,-0.8294433,-0.83008146,-0.8295697,-0.8263147,-0.82650465,-0.8242919,-0.828427,-0.82333153,-0.8298723,-0.8272907,-0.82373554,-0.82548094,-0.8181756,-0.8189268,-0.8207922,-0.8200705,-0.820433,-0.8127404,-0.820237,-0.81989115,-0.8170733,-0.81610954,-0.81395257,-0.8174756,-0.8176284,-0.8108805,-0.8189465,-0.81607664,-0.81982875,-0.8133679,-0.81646883,-0.819715,-0.7151749
437.76,-0.40836412,-0.2926579,-0.233015,-0.18414164,-0.13904065,-0.104433745,-0.08791514,-0.074892834,-0.06371497,-0.054868113,-0.048845287,-0.04844109,-0.025829691,-0.009065531,0.0,0.008790653,0.01499222,0.010886499,0.010056214,0.0045396658,0.00029030908,-0.002249001,0.0009083282,0.002088832,0.0014470442,0.0013567919,0.0034259772,0.0035846892,0.0044292444,0.00059870863,-0.007836446,-0.016827237,-0.027065296,-0.043304265,-0.06721627,-0.09960226,-0.13717017,-0.18172997,-0.230797,-0.2839574,-0.33752856,-0.39116022,-0.43881023,-0.48028925,-0.5132032,-0.5393547,-0.5566513,-0.57032925,-0.5779832,-0.58358836,-0.58669186,-0.59053797,-0.59276456,-0.59377885,-0.5928715,-0.58810455,-0.5801495,-0.5703776,-0.55710715,-0.5401113,-0.52128804,-0.5042752,-0.487229,-0.47325057,-0.4613798,-0.45190743,-0.44201034,-0.43648678,-0.42993182,-0.42545435,-0.41823626,-0.41051596,-0.39874724,-0.38400128,-0.36742738,-0.35420507,-0.34306404,-0.33642772,-0.33364484,-0.3324188,-0.32820958,-0.32005566,-0.3055813,-0.2856504,-0.26175833,-0.2398222,-0.21969926,-0.20445311,-0.18845548,-0.1611794,-0.12873049,-0.10036784,-0.072823755,-0.05569469,-0.052907992,-0.05666116,-0.06883395,-0.096839786,-0.15396613,-0.24454069,-0.33953172,-0.43552303,-0.51801026,-0.58510506,-0.63751096,-0.6764169,-0.7072678,-0.73206276,-0.75227535,-0.7689455,-0.78272986,-0.79291993,-0.8015076,-0.808674,-0.81360286,-0.81746876,-0.8214824,-0.8231447,-0.8248198,-0.8261182,-0.82691973,-0.8278071,-0.8287613,-0.83096826,-0.8287889,-0.8279342,-0.8286598,-0.82935137,-0.82933,-0.82956517,-0.829742,-0.829977,-0.82941395,-0.8300613,-0.8298889,-0.8299534,-0.82958955,-0.82992697,-0.82986397,-0.8295936,-0.8300176,-0.83088344,-0.82957476,-0.83009726,-0.8302096,-0.8303959,-0.83049625,-0.8304334,-0.8302792,-0.8294563,-0.8299497,-0.82992744,-0.8300651,-0.83072233,-0.831281,-0.8306477,-0.8309652,-0.8300439,-0.83097273,-0.83110934,-0.8307406,-0.8318301,-0.8308506,-0.83042663,-0.8315594,-0.8308396,-0.82983816,-0.8305861,-0.82981193,-0.831306,-0.83054876,-0.83202976,-0.83265984,-0.8321548,-0.82894754,-0.8291356,-0.8269575,-0.83103144,-0.82600385,-0.832452,-0.82990414,-0.82639855,-0.8281307,-0.82091355,-0.8216653,-0.8235082,-0.82279205,-0.8231441,-0.81557536,-0.8229625,-0.8226212,-0.81984854,-0.81889766,-0.816768,-0.8202489,-0.8204031,-0.81373525,-0.8216903,-0.8188645,-0.8225602,-0.8161758,-0.8192518,-0.8224431,-0.71930444
440.66,-0.41544387,-0.30051965,-0.24121295,-0.19255087,-0.14760149,-0.113097325,-0.0966109,-0.08361325,-0.07245227,-0.06361807,-0.05760252,-0.057198334,-0.034610398,-0.017853064,-0.008790653,0.0,0.0062040812,0.0020981568,0.0012685608,-0.004247918,-0.0084974505,-0.011036602,-0.0078779375,-0.006696132,-0.0073382263,-0.0074288384,-0.005358926,-0.005199557,-0.0043524504,-0.008184151,-0.016620394,-0.02561018,-0.035845384,-0.05207659,-0.07596906,-0.10831352,-0.14580962,-0.19024974,-0.23914213,-0.29206687,-0.345342,-0.39862442,-0.44591376,-0.487046,-0.51965827,-0.545557,-0.56267816,-0.5762119,-0.5837873,-0.589334,-0.5924039,-0.59620464,-0.59841067,-0.5994122,-0.598515,-0.5937975,-0.5859306,-0.57626206,-0.56313115,-0.5463069,-0.52766985,-0.5108189,-0.4939282,-0.48007286,-0.4683021,-0.45890862,-0.44909322,-0.44360957,-0.437111,-0.43266717,-0.42550096,-0.41783953,-0.40615577,-0.39151084,-0.3750472,-0.3619116,-0.35083738,-0.3442395,-0.34147692,-0.34025142,-0.33606994,-0.32796213,-0.31356463,-0.29373226,-0.26995784,-0.24811226,-0.22806822,-0.21287572,-0.19692886,-0.16973479,-0.13736661,-0.10905727,-0.08155506,-0.06444332,-0.06165953,-0.06540816,-0.07756841,-0.10553245,-0.16253442,-0.2527946,-0.34730518,-0.44264603,-0.5244259,-0.59084284,-0.6426536,-0.68108416,-0.7115331,-0.7359926,-0.75591975,-0.7723523,-0.785934,-0.7959721,-0.8044306,-0.81148833,-0.81634116,-0.82014763,-0.824101,-0.8257372,-0.8273863,-0.8286645,-0.8294544,-0.8303288,-0.83126926,-0.83344644,-0.8312968,-0.83045435,-0.83116937,-0.83185124,-0.83183086,-0.8320638,-0.8322373,-0.8324687,-0.83191276,-0.83255184,-0.8323818,-0.8324448,-0.83208597,-0.83242106,-0.83235717,-0.83208907,-0.83250785,-0.8333616,-0.83207184,-0.83258843,-0.8326968,-0.83288115,-0.8329813,-0.8329191,-0.8327654,-0.83195597,-0.83244175,-0.8324196,-0.83255506,-0.8332034,-0.83375466,-0.83313096,-0.8334429,-0.8325354,-0.83345157,-0.833587,-0.8332236,-0.83429706,-0.8333305,-0.83291155,-0.8340291,-0.8333186,-0.8323344,-0.8330715,-0.83230716,-0.83377945,-0.8330316,-0.8344952,-0.835117,-0.8346163,-0.8314546,-0.83164114,-0.82949036,-0.8335121,-0.8285512,-0.834922,-0.8324016,-0.82894194,-0.83065045,-0.8235409,-0.82428163,-0.82609814,-0.8253979,-0.8257457,-0.81827766,-0.8255647,-0.82523495,-0.8224942,-0.8215636,-0.8194618,-0.8228935,-0.82304895,-0.81646514,-0.8243202,-0.8215377,-0.8251803,-0.8188783,-0.8219063,-0.8250535,-0.72324634
