,397.32,400.20,403.09,405.97,408.85,411.74,414.63,417.52,420.40,423.29,426.19,429.08,431.97,434.87,437.76,440.66,443.56,446.45,449.35,452.25,455.16,458.06,460.96,463.87,466.77,469.68,472.59,475.50,478.41,481.32,484.23,487.14,490.06,492.97,495.89,498.80,501.72,504.64,507.56,510.48,513.40,516.33,519.25,522.18,525.10,528.03,530.96,533.89,536.82,539.75,542.68,545.62,548.55,551.49,554.43,557.36,560.30,563.24,566.18,569.12,572.07,575.01,577.96,580.90,583.85,586.80,589.75,592.70,595.65,598.60,601.55,604.51,607.46,610.42,613.38,616.34,619.30,622.26,625.22,628.18,631.15,634.11,637.08,640.04,643.01,645.98,648.95,651.92,654.89,657.87,660.84,663.81,666.79,669.77,672.75,675.73,678.71,681.69,684.67,687.65,690.64,693.62,696.61,699.60,702.58,705.57,708.57,711.56,714.55,717.54,720.54,723.53,726.53,729.53,732.53,735.53,738.53,741.53,744.53,747.54,750.54,753.55,756.56,759.56,762.57,765.58,768.60,771.61,774.62,777.64,780.65,783.67,786.68,789.70,792.72,795.74,798.77,801.79,804.81,807.84,810.86,813.89,816.92,819.95,822.98,826.01,829.04,832.07,835.11,838.14,841.18,844.22,847.25,850.29,853.33,856.37,859.42,862.46,865.50,868.55,871.60,874.64,877.69,880.74,883.79,886.84,889.90,892.95,896.01,899.06,902.12,905.18,908.24,911.30,914.36,917.42,920.48,923.55,926.61,929.68,932.74,935.81,938.88,941.95,945.02,948.10,951.17,954.24,957.32,960.40,963.47,966.55,969.63,972.71,975.79,978.88,981.96,985.05,988.13,991.22,994.31,997.40,1000.49,1003.58
397.32,0.0,0.1626092,0.25668883,0.31351095,0.3606506,0.39061123,0.41817564,0.42913848,0.44429952,0.4561955,0.45862475,0.45096496,0.47815707,0.49925044,0.5052927,0.5189353,0.526519,0.5351579,0.53858864,0.5418005,0.5439724,0.5482821,0.5504897,0.5537868,0.5555917,0.5554926,0.55795616,0.5586813,0.56255937,0.5640329,0.5591262,0.5563062,0.5592831,0.55507904,0.55028796,0.53854144,0.52751476,0.5128355,0.4938539,0.47046286,0.44015282,0.4039668,0.3705336,0.3405883,0.3106842,0.2850265,0.26785636,0.2537941,0.2451892,0.23817345,0.23471186,0.2306012,0.22707357,0.22237517,0.22125173,0.22092251,0.2260974,0.23367532,0.24398835,0.25697133,0.27336374,0.28590104,0.29788747,0.30599448,0.31190324,0.31358424,0.31786087,0.32196468,0.32190093,0.3186286,0.3192964,0.32097703,0.3224635,0.32684022,0.33162078,0.33921117,0.3439234,0.3439412,0.33995217,0.3356857,0.33684242,0.34387022,0.35489532,0.3699767,0.38732174,0.40239212,0.41279405,0.4214022,0.42139965,0.43460038,0.45382723,0.46658105,0.47561532,0.4790212,0.47607505,0.4744127,0.46585992,0.44906425,0.41257325,0.3521048,0.2825847,0.18786693,0.083728604,-0.027591992,-0.12420012,-0.20746522,-0.2787279,-0.3414977,-0.3997611,-0.44491747,-0.48261246,-0.51340157,-0.53861773,-0.5598534,-0.57723504,-0.5905007,-0.6010324,-0.60953236,-0.6157314,-0.6212477,-0.6255697,-0.62900704,-0.6311297,-0.63811886,-0.6434118,-0.63926274,-0.6393,-0.64261335,-0.64468676,-0.64412576,-0.646462,-0.6475387,-0.6487659,-0.64962304,-0.64937353,-0.65066165,-0.65045273,-0.6510661,-0.65212387,-0.6538097,-0.6550694,-0.656566,-0.6577374,-0.6560958,-0.6574535,-0.6581555,-0.65872985,-0.65954727,-0.6584146,-0.6583467,-0.6593427,-0.6611869,-0.6599275,-0.6612494,-0.66188425,-0.66245013,-0.66222924,-0.6615087,-0.6649508,-0.66662925,-0.66375285,-0.66525364,-0.6629391,-0.6652254,-0.6641355,-0.66533566,-0.6647158,-0.66375333,-0.6664337,-0.6665783,-0.6613093,-0.6628744,-0.6629139,-0.6648536,-0.65894186,-0.66183656,-0.6606205,-0.6613134,-0.65659714,-0.661454,-0.6474993,-0.6403669,-0.6523275,-0.6459921,-0.6382597,-0.6405422,-0.63744074,-0.6360775,-0.6417165,-0.63337594,-0.6328027,-0.6283944,-0.6310548,-0.6288826,-0.6296054,-0.63020694,-0.63234633,-0.6294015,-0.62201065,-0.63117146,-0.63293535,-0.6388936,-0.6409036,-0.45846212
400.20,-0.1626092,0.0,0.09845833,0.15952994,0.2111235,0.24446608,0.27552465,0.2878883,0.30519134,0.3188045,0.32159117,0.31281248,0.34423825,0.36860284,0.37565264,0.39168748,0.4005805,0.4107764,0.414837,0.41864604,0.42116678,0.42629096,0.42886588,0.43284667,0.43490577,0.43478996,0.4377249,0.43856797,0.44319287,0.44499242,0.43907925,0.435676,0.43918765,0.43417636,0.42844704,0.41452333,0.40148234,0.38430014,0.3621539,0.33525094,0.3006699,0.26000148,0.2230544,0.19040751,0.15824562,0.13094139,0.11287561,0.09813511,0.089196816,0.08193047,0.078334995,0.07408707,0.07045969,0.06557095,0.06435667,0.06393827,0.06927208,0.07707339,0.087703265,0.10121466,0.11845662,0.13168108,0.14439332,0.15300119,0.15928845,0.1610111,0.1655822,0.16998175,0.16988206,0.16629428,0.16698156,0.16875985,0.17035732,0.17507356,0.18024974,0.18851705,0.19365048,0.193692,0.18930651,0.18462332,0.185889,0.1936153,0.20570022,0.22234522,0.24155201,0.25834242,0.2699498,0.27962673,0.27960992,0.29447937,0.31636873,0.3309733,0.34132248,0.34516928,0.3417925,0.3399157,0.3300786,0.31085184,0.26953512,0.20235547,0.12708259,0.02731541,-0.07867971,-0.18806507,-0.27980176,-0.3566091,-0.42074603,-0.47608766,-0.5265266,-0.56495786,-0.59661436,-0.6222152,-0.64302677,-0.660436,-0.67461294,-0.6853967,-0.6939309,-0.70080817,-0.7058273,-0.71028745,-0.7137888,-0.7165875,-0.7183218,-0.72396255,-0.7282403,-0.7249385,-0.7249897,-0.72767,-0.7293472,-0.728908,-0.7307955,-0.7316721,-0.7326601,-0.73335487,-0.7331656,-0.73420596,-0.7340391,-0.734546,-0.73539627,-0.73675203,-0.73775953,-0.73896307,-0.73989326,-0.7385781,-0.73968107,-0.74024373,-0.7407152,-0.7413642,-0.74045503,-0.7404143,-0.74121475,-0.7426817,-0.7416925,-0.74274457,-0.7432524,-0.7436933,-0.74352926,-0.7429636,-0.7457012,-0.74702793,-0.74474514,-0.74594986,-0.7441163,-0.74591947,-0.74505955,-0.7460184,-0.74552876,-0.7447661,-0.74689233,-0.7470149,-0.7428175,-0.74406344,-0.7440878,-0.74564964,-0.7409553,-0.7432456,-0.74228734,-0.7428388,-0.739061,-0.7429752,-0.7318248,-0.7261291,-0.7356496,-0.7306562,-0.72443604,-0.72627884,-0.7238614,-0.7227212,-0.7273166,-0.7206195,-0.7201152,-0.7166457,-0.71879053,-0.717004,-0.7175911,-0.7180416,-0.7197945,-0.7174554,-0.71148807,-0.7188127,-0.7202618,-0.72499305,-0.7266255,-0.57675517
403.09,-0.25668883,-0.09845833,0.0,0.062127244,0.1152265,0.1498977,0.18245158,0.19542937,0.21373121,0.22815518,0.23113362,0.22180584,0.25526926,0.28132543,0.288896,0.30619803,0.31577817,0.3268892,0.3312278,0.3353361,0.3380997,0.3436911,0.34646562,0.35083354,0.3530442,0.3528745,0.35611483,0.35700235,0.36206207,0.3640558,0.3575608,0.35384217,0.35768273,0.35220113,0.3459586,0.3308845,0.31679186,0.2983134,0.27454972,0.2459398,0.20944001,0.16687542,0.12862217,0.095122784,0.062378246,0.034763973,0.016631499,0.0018424354,-0.0070620026,-0.014292286,-0.017871598,-0.022094175,-0.025693158,-0.030580822,-0.03182752,-0.032306593,-0.02701591,-0.01928954,-0.008766466,0.0047117374,0.022030078,0.035314474,0.0481496,0.05683178,0.06316184,0.064835586,0.06945642,0.07391778,0.07377294,0.070057385,0.070721835,0.07249985,0.07410341,0.07890004,0.08416608,0.09263988,0.097909875,0.097937696,0.09339766,0.0885656,0.089857444,0.097807646,0.11025374,0.12750787,0.1474348,0.1649243,0.17703521,0.18714646,0.18710685,0.20276022,0.22585727,0.24133071,0.25232697,0.25639924,0.25278395,0.25081795,0.2403241,0.21996069,0.17650749,0.10663562,0.029611615,-0.0707011,-0.17508614,-0.28057745,-0.36731365,-0.43874875,-0.49759957,-0.5478115,-0.5931416,-0.62738234,-0.6553979,-0.67793965,-0.6961939,-0.7114173,-0.72377795,-0.73317736,-0.7405995,-0.7465743,-0.75093806,-0.7548154,-0.75786144,-0.76030374,-0.7618125,-0.7667093,-0.77042335,-0.76758224,-0.7676381,-0.7699699,-0.7714308,-0.77105504,-0.77268684,-0.773457,-0.7743148,-0.77492285,-0.7747638,-0.7756615,-0.7755268,-0.77596897,-0.7766959,-0.7778827,-0.7787559,-0.7797884,-0.78059936,-0.77946323,-0.78041357,-0.78090733,-0.78131807,-0.7818759,-0.78109306,-0.7810621,-0.78174824,-0.78301764,-0.7821705,-0.7830744,-0.7835125,-0.7838936,-0.78374827,-0.7832643,-0.78563035,-0.78678244,-0.7848032,-0.78584945,-0.78427666,-0.78582186,-0.7850718,-0.78589946,-0.7854956,-0.78482896,-0.78666437,-0.78676176,-0.78315896,-0.7842184,-0.78422683,-0.7855881,-0.7815451,-0.7835135,-0.7826849,-0.7831701,-0.7799324,-0.78330326,-0.77363205,-0.76872087,-0.7769182,-0.7726611,-0.76726097,-0.7688446,-0.76682323,-0.7658208,-0.7698189,-0.7639935,-0.76356316,-0.7605576,-0.76245284,-0.76088494,-0.76134956,-0.7617708,-0.76329124,-0.761272,-0.7560645,-0.7624127,-0.7636882,-0.7677786,-0.7692061,-0.6379046
405.97,-0.31351095,-0.15952994,-0.062127244,0.0,0.05351204,0.08867677,0.12188149,0.13513969,0.15389808,0.16871406,0.17180808,0.16216275,0.19665718,0.22360641,0.23143768,0.24938749,0.2593982,0.27095574,0.27549034,0.27975962,0.28260666,0.28847075,0.29137352,0.2959351,0.2982326,0.29804257,0.3014413,0.30236727,0.30767676,0.30974725,0.30297878,0.299032,0.30305305,0.2972908,0.2907658,0.2750564,0.26037166,0.24117127,0.21661353,0.18715717,0.14974456,0.10641058,0.06772915,0.0340532,0.0013047268,-0.02620421,-0.04417449,-0.058830652,-0.06761437,-0.07473611,-0.07827056,-0.08242962,-0.085967176,-0.09080821,-0.09206516,-0.09258057,-0.087382905,-0.07978003,-0.06944616,-0.05614646,-0.038974985,-0.025799979,-0.013038474,-0.0044149905,0.0018744445,0.0034934587,0.008092818,0.012543722,0.012363737,0.008597536,0.0092431465,0.010992376,0.012581644,0.017364377,0.02263785,0.031152071,0.03643903,0.036464434,0.031869404,0.026987603,0.028294438,0.036296055,0.048858583,0.06629258,0.08647432,0.104250684,0.1165604,0.12685762,0.12683107,0.14279951,0.1664911,0.18240811,0.1936891,0.19788831,0.19416259,0.19213586,0.18135038,0.16043335,0.11599903,0.045105267,-0.03223629,-0.1318371,-0.23414864,-0.33622655,-0.4191756,-0.48682705,-0.5421335,-0.5890217,-0.6311225,-0.6627556,-0.6885517,-0.70925355,-0.72598296,-0.7398973,-0.7511908,-0.75977844,-0.7665425,-0.77199817,-0.7759818,-0.7795157,-0.7822976,-0.78453755,-0.7859239,-0.7903788,-0.79376113,-0.7911861,-0.7912488,-0.79338086,-0.79471904,-0.79437697,-0.7958703,-0.7965802,-0.79735917,-0.79791147,-0.7977601,-0.7985862,-0.7984711,-0.7988775,-0.799537,-0.8006171,-0.8014072,-0.80234516,-0.8030821,-0.80205584,-0.8029192,-0.8033619,-0.8037471,-0.804252,-0.8035353,-0.8035115,-0.8041387,-0.80529344,-0.8045236,-0.8053384,-0.8057461,-0.80608916,-0.8059604,-0.8055224,-0.80767006,-0.8087159,-0.80691934,-0.8078624,-0.80644196,-0.80784106,-0.8071706,-0.80793667,-0.80754876,-0.80693847,-0.8086098,-0.8086958,-0.80543345,-0.8063877,-0.80640876,-0.80763584,-0.8039563,-0.805759,-0.80499923,-0.80544275,-0.8024996,-0.80556726,-0.7967656,-0.79231405,-0.7997437,-0.79587054,-0.79097694,-0.79242676,-0.79058915,-0.789701,-0.7933336,-0.78802323,-0.78762686,-0.78492266,-0.7866613,-0.7852275,-0.7856395,-0.7860355,-0.7874113,-0.7855793,-0.7808409,-0.7866393,-0.78777546,-0.79147536,-0.7927598,-0.67262733
408.85,-0.3606506,-0.2111235,-0.1152265,-0.05351204,0.0,0.035347413,0.068864994,0.08229765,0.10133217,0.11639857,0.11953989,0.109735146,0.14489245,0.17243388,0.18046495,0.19890158,0.20916638,0.22111043,0.22578427,0.23017754,0.23311746,0.23916371,0.24218154,0.24689244,0.24926466,0.24907775,0.2525818,0.25354308,0.2590342,0.26118827,0.25417075,0.25009233,0.2542451,0.24829435,0.24154262,0.22535683,0.21025325,0.19056015,0.16543178,0.1354196,0.097475976,0.05372612,0.014918241,-0.018702598,-0.051261496,-0.07851288,-0.09624265,-0.11070345,-0.11933039,-0.12633036,-0.12980218,-0.13388473,-0.13735406,-0.14212675,-0.14338753,-0.14392985,-0.13883537,-0.13139132,-0.12127132,-0.10819688,-0.09124891,-0.078253895,-0.06562295,-0.057104096,-0.050894283,-0.049336344,-0.044777356,-0.04037291,-0.04058085,-0.04436607,-0.04374863,-0.04203679,-0.04047032,-0.03572519,-0.030483244,-0.021991547,-0.016715182,-0.016699478,-0.021312851,-0.026204314,-0.024905184,-0.01690346,-0.0043293424,0.013161671,0.033446543,0.051347088,0.0637578,0.07416531,0.07412699,0.09028496,0.1143425,0.13052225,0.1420254,0.14628558,0.14248748,0.14042187,0.12944373,0.1081668,0.06316696,-0.008167782,-0.085289255,-0.18367049,-0.28363866,-0.38230023,-0.46170667,-0.5259665,-0.5781558,-0.6221786,-0.6615428,-0.69100726,-0.7149648,-0.73414445,-0.7496196,-0.7624817,-0.7729053,-0.7808282,-0.7870644,-0.7920917,-0.79576343,-0.7990217,-0.80159247,-0.80365705,-0.80493706,-0.80904055,-0.81216294,-0.8098013,-0.809867,-0.8118328,-0.81306684,-0.81275064,-0.8141289,-0.81478274,-0.81550485,-0.8160147,-0.8158808,-0.81663907,-0.81653684,-0.8169099,-0.817514,-0.81851095,-0.8192388,-0.820102,-0.8207797,-0.8198364,-0.82063425,-0.8210427,-0.8213977,-0.8218644,-0.82120126,-0.8211834,-0.8217596,-0.82281923,-0.8221097,-0.8228595,-0.8232335,-0.82354987,-0.8234329,-0.8230286,-0.8250054,-0.8259615,-0.8243218,-0.82518405,-0.82388455,-0.8251696,-0.8245401,-0.8252453,-0.82490396,-0.82433885,-0.8258678,-0.82595205,-0.82295156,-0.82382965,-0.8238414,-0.8249885,-0.8216041,-0.82324827,-0.82256544,-0.8229618,-0.8202701,-0.8230746,-0.8149916,-0.8108888,-0.8177263,-0.814176,-0.8096553,-0.811008,-0.8093325,-0.80849713,-0.8118644,-0.8069882,-0.8066155,-0.8041377,-0.80573994,-0.80440515,-0.8047825,-0.8051283,-0.80643094,-0.8047458,-0.80036825,-0.8056969,-0.80674064,-0.81014854,-0.8113084,-0.70031327
411.74,-0.39061123,-0.24446608,-0.1498977,-0.08867677,-0.035347413,0.0,0.033633538,0.047125254,0.066297896,0.081471145,0.08465885,0.07475952,0.11026466,0.13815604,0.14628315,0.16500291,0.17541869,0.18758334,0.19235452,0.19680847,0.19982207,0.20597975,0.20907214,0.21388134,0.21627034,0.21607797,0.2196757,0.22063966,0.22624825,0.22845054,0.22129266,0.2171472,0.2213277,0.21525618,0.20838335,0.19191852,0.17657138,0.1565955,0.13115212,0.100858904,0.06266766,0.01879096,-0.019970087,-0.05343925,-0.0857486,-0.11273166,-0.13023362,-0.14451286,-0.15300465,-0.15989219,-0.16331519,-0.16733006,-0.17074125,-0.17544541,-0.17671448,-0.17727672,-0.17226909,-0.1649545,-0.15501855,-0.14214474,-0.12540755,-0.112574846,-0.100085765,-0.0916677,-0.08553733,-0.084029816,-0.079517186,-0.075159766,-0.07538718,-0.07917816,-0.07858405,-0.0769082,-0.0753656,-0.070666656,-0.065467834,-0.05702027,-0.05177134,-0.05176815,-0.056382082,-0.0612669,-0.059978507,-0.05200622,-0.039464023,-0.021987043,-0.001697729,0.01623969,0.028683698,0.039124697,0.03909355,0.05532375,0.07955375,0.09587823,0.10748162,0.11177637,0.10792994,0.10586509,0.09477497,0.073308125,0.028066399,-0.043350127,-0.120104454,-0.21741937,-0.31559092,-0.41178596,-0.48872235,-0.55067044,-0.6007711,-0.64288545,-0.6804448,-0.7084863,-0.73124343,-0.74944735,-0.7641157,-0.77629465,-0.7861561,-0.79365844,-0.79955447,-0.80431056,-0.80778384,-0.8108689,-0.8133024,-0.815262,-0.8164759,-0.8203577,-0.8233155,-0.82108426,-0.821149,-0.8230173,-0.8241892,-0.82388777,-0.82519555,-0.82581776,-0.8265006,-0.8269891,-0.82685626,-0.827579,-0.827484,-0.82784116,-0.8284129,-0.829353,-0.83004487,-0.83086175,-0.8315017,-0.8306115,-0.8313678,-0.83174807,-0.83209205,-0.83253,-0.83190304,-0.831891,-0.83243334,-0.8334344,-0.83277243,-0.8334767,-0.83383054,-0.83412784,-0.8340165,-0.83363783,-0.8355009,-0.8364099,-0.83485156,-0.83567375,-0.83444124,-0.83565694,-0.83506805,-0.8357339,-0.835409,-0.83487767,-0.8363215,-0.8363997,-0.8335645,-0.8343939,-0.8344071,-0.83547914,-0.83228475,-0.83383876,-0.8331969,-0.83357924,-0.83102834,-0.8336748,-0.8260198,-0.8221358,-0.8286045,-0.8252734,-0.8209741,-0.82225233,-0.8207123,-0.8199033,-0.82308084,-0.8184744,-0.81812704,-0.8157855,-0.81732064,-0.8160492,-0.8163976,-0.81673604,-0.81795573,-0.8163591,-0.81222796,-0.81725407,-0.818258,-0.8214575,-0.8225787,-0.71724224
414.63,-0.41817564,-0.27552465,-0.18245158,-0.12188149,-0.068864994,-0.033633538,0.0,0.013513949,0.032746892,0.04799057,0.05120632,0.041250657,0.076983176,0.10511988,0.11332277,0.13225892,0.14282086,0.15516475,0.15998779,0.16450612,0.16755876,0.17382948,0.17696069,0.1818471,0.18427512,0.18407738,0.1877452,0.18871547,0.19442748,0.19668108,0.1893927,0.18516472,0.18941621,0.18324248,0.17625861,0.15956762,0.14402857,0.12382722,0.09816071,0.067685634,0.02936976,-0.014499326,-0.053097703,-0.08632343,-0.1183082,-0.14496306,-0.16220345,-0.17627713,-0.18462062,-0.19137757,-0.19475009,-0.19869334,-0.20203726,-0.20667373,-0.20794517,-0.20852327,-0.20360757,-0.19643588,-0.18670967,-0.1740521,-0.15755685,-0.14491315,-0.13259502,-0.12429308,-0.11825281,-0.116802596,-0.112346515,-0.10804909,-0.10830325,-0.11208448,-0.11151649,-0.10988266,-0.10836557,-0.10372388,-0.098579295,-0.09019566,-0.08499291,-0.08500412,-0.089604944,-0.09446574,-0.0931875,-0.08527155,-0.07280244,-0.055391062,-0.03515262,-0.017237877,-0.0047991294,0.0056491443,0.005613917,0.021874143,0.046197414,0.06260546,0.074276336,0.078597344,0.074722275,0.0726463,0.06149269,0.039914902,-0.0054409797,-0.07671324,-0.15289597,-0.24891287,-0.34513375,-0.4388117,-0.5133138,-0.57303256,-0.6211601,-0.66149664,-0.69738215,-0.7241229,-0.7457937,-0.7631069,-0.7770457,-0.7886075,-0.79797083,-0.805092,-0.8106851,-0.81519926,-0.81849486,-0.8214239,-0.82373434,-0.825599,-0.82675207,-0.83043414,-0.8332413,-0.83113223,-0.831197,-0.83297336,-0.834088,-0.83380073,-0.8350468,-0.8356383,-0.8362874,-0.8367495,-0.8366294,-0.83731,-0.8372262,-0.8375657,-0.8381044,-0.8390022,-0.83965755,-0.84042907,-0.8410371,-0.8401931,-0.8409056,-0.84126806,-0.8415967,-0.84201247,-0.8414163,-0.841412,-0.84192,-0.8428743,-0.8422461,-0.8429109,-0.8432467,-0.84352714,-0.8434211,-0.84306556,-0.8448367,-0.84569335,-0.8442158,-0.84499395,-0.8438318,-0.8449758,-0.8444187,-0.84505063,-0.84474516,-0.8442397,-0.845608,-0.8456774,-0.84299386,-0.8437795,-0.8437885,-0.84481597,-0.84177846,-0.8432576,-0.84264827,-0.8430066,-0.84059054,-0.84310627,-0.835814,-0.8321256,-0.8382669,-0.835113,-0.8310432,-0.83225256,-0.8308124,-0.8300707,-0.83306897,-0.8286912,-0.8283791,-0.8261636,-0.82763207,-0.826414,-0.8267043,-0.82703966,-0.82821065,-0.8267082,-0.8227682,-0.8275436,-0.8284957,-0.83152616,-0.83257526,-0.7324604
417.52,-0.42913848,-0.2878883,-0.19542937,-0.13513969,-0.08229765,-0.047125254,-0.013513949,0.0,0.019247036,0.034503587,0.03772393,0.027754737,0.063557096,0.091777205,0.100001946,0.11900911,0.12961923,0.14201824,0.14689139,0.15142833,0.15449192,0.16079576,0.16395232,0.16888858,0.17131999,0.17111066,0.17480235,0.17578827,0.18151203,0.1837885,0.17646994,0.17221548,0.17648992,0.17028278,0.16325329,0.1464762,0.13086995,0.11059417,0.084849164,0.054314923,0.015969263,-0.027878685,-0.06640202,-0.0995189,-0.13136409,-0.15787713,-0.17501396,-0.1889991,-0.19727889,-0.20399144,-0.20733708,-0.21125062,-0.2145695,-0.21917683,-0.22044532,-0.2210326,-0.21616045,-0.20905137,-0.19939902,-0.18683393,-0.17044522,-0.15788282,-0.14562917,-0.13737871,-0.13138106,-0.12994875,-0.12551954,-0.12124262,-0.121506214,-0.12528768,-0.124723755,-0.12310533,-0.12160531,-0.11698525,-0.11186487,-0.10351603,-0.098323986,-0.09833926,-0.10293136,-0.10778705,-0.10651341,-0.098620296,-0.08618066,-0.06879893,-0.04858861,-0.030689042,-0.018253542,-0.00780909,-0.007843257,0.0084228,0.032776278,0.04921767,0.0609067,0.065231495,0.06134381,0.05926711,0.04809462,0.02647382,-0.018903835,-0.090105206,-0.16603495,-0.26151052,-0.3569281,-0.44957805,-0.5230977,-0.581914,-0.62923604,-0.6688603,-0.7040846,-0.73030376,-0.7515389,-0.76849806,-0.7821464,-0.793467,-0.8026337,-0.80960155,-0.81507546,-0.819494,-0.8227201,-0.82558435,-0.8278485,-0.8296745,-0.83080685,-0.8344079,-0.837157,-0.83509475,-0.8351603,-0.8369005,-0.8379933,-0.83771676,-0.8389322,-0.8395126,-0.84014904,-0.8406037,-0.8404836,-0.8411501,-0.8410703,-0.8414026,-0.84192985,-0.84280556,-0.8434474,-0.84420604,-0.8447962,-0.8439709,-0.84467417,-0.8450295,-0.84535366,-0.8457547,-0.8451733,-0.84516823,-0.8456691,-0.8465989,-0.8459852,-0.8466345,-0.8469662,-0.84723806,-0.84713817,-0.84678847,-0.84851575,-0.84936136,-0.84791714,-0.8486747,-0.8475412,-0.8486596,-0.84811217,-0.8487278,-0.848434,-0.8479443,-0.84927815,-0.8493469,-0.8467192,-0.84749085,-0.8474927,-0.84850305,-0.8455411,-0.84697485,-0.84638387,-0.8467319,-0.84437597,-0.8468416,-0.8397096,-0.83611745,-0.8421042,-0.83903784,-0.83504117,-0.8362128,-0.8348114,-0.8340736,-0.8370292,-0.83274734,-0.8324317,-0.83027005,-0.83170253,-0.8305174,-0.8307957,-0.83113164,-0.83228123,-0.8308033,-0.8269626,-0.83162963,-0.8325563,-0.83551276,-0.8365335,-0.7384873
420.40,-0.44429952,-0.30519134,-0.21373121,-0.15389808,-0.10133217,-0.066297896,-0.032746892,-0.019247036,0.0,0.015270935,0.018497517,0.008517173,0.04438182,0.07269358,0.08095651,0.100061186,0.11071617,0.12320164,0.12810053,0.1326648,0.13575003,0.14210063,0.14529653,0.15026277,0.15271999,0.15250419,0.15623404,0.15721726,0.1629852,0.16529581,0.15790431,0.15362242,0.15792143,0.15166579,0.14458874,0.12771471,0.11201498,0.09165506,0.06583211,0.03524826,-0.0030983882,-0.046858177,-0.08522534,-0.11814062,-0.1497499,-0.17603561,-0.19299625,-0.20684631,-0.21503231,-0.22167006,-0.22497115,-0.2288418,-0.23212321,-0.2366833,-0.23795685,-0.2385515,-0.23373571,-0.22671883,-0.21718854,-0.20477268,-0.18853895,-0.17610683,-0.16396971,-0.1558034,-0.1498698,-0.1484755,-0.14408243,-0.13984762,-0.14012747,-0.14389995,-0.14335613,-0.14176165,-0.14028102,-0.13570027,-0.13062604,-0.12232946,-0.117173836,-0.117196076,-0.12177827,-0.1266077,-0.12534936,-0.117501915,-0.105121695,-0.0878095,-0.06765962,-0.049805436,-0.037389196,-0.026958877,-0.026994241,-0.010738353,0.013625696,0.030085934,0.041799594,0.046131883,0.04223246,0.04015567,0.02895862,0.0073148753,-0.038049713,-0.10905259,-0.1845323,-0.27914098,-0.37333342,-0.46448138,-0.5365899,-0.594127,-0.6403385,-0.6789692,-0.71326476,-0.7387655,-0.7593996,-0.7758729,-0.789123,-0.80010426,-0.80899584,-0.8157556,-0.8210635,-0.8253494,-0.8284769,-0.8312567,-0.83345276,-0.8352221,-0.83631915,-0.83981216,-0.8424824,-0.8404861,-0.840549,-0.8422406,-0.84330106,-0.8430291,-0.8442118,-0.8447739,-0.84539264,-0.8458337,-0.8457153,-0.8463657,-0.84628993,-0.8466131,-0.8471208,-0.8479727,-0.84859633,-0.849331,-0.8499003,-0.8491042,-0.84978426,-0.85012984,-0.8504447,-0.85083514,-0.85027283,-0.85026693,-0.85074884,-0.8516544,-0.8510607,-0.8516872,-0.8520083,-0.85227513,-0.85217774,-0.8518389,-0.8535151,-0.85433495,-0.85292935,-0.8536675,-0.85256577,-0.8536515,-0.853125,-0.85371953,-0.8534415,-0.8529569,-0.8542511,-0.85431427,-0.8517698,-0.85251653,-0.8525204,-0.8535032,-0.85062563,-0.85202795,-0.8514471,-0.8517864,-0.8494982,-0.85188675,-0.8449827,-0.8414817,-0.8472839,-0.84431297,-0.84043866,-0.8415963,-0.8402243,-0.8394969,-0.84237134,-0.83822805,-0.8379212,-0.8358434,-0.8372216,-0.8360778,-0.83634764,-0.836672,-0.8377686,-0.836355,-0.8326068,-0.8371397,-0.8380449,-0.840911,-0.8419195,-0.746663
423.29,-0.4561955,-0.3188045,-0.22815518,-0.16871406,-0.11639857,-0.081471145,-0.04799057,-0.034503587,-0.015270935,0.0,0.0032322013,-0.0067548514,0.02913863,0.05750133,0.06579582,0.08496194,0.09565318,0.10820352,0.113125704,0.11771216,0.12080977,0.12721266,0.13042116,0.13540767,0.13787156,0.13766976,0.14139676,0.14239983,0.1482268,0.15052906,0.14310677,0.13878492,0.1431209,0.13683116,0.1297286,0.11277065,0.097011074,0.076594286,0.050718065,0.02010279,-0.018239265,-0.06193117,-0.10017332,-0.13293661,-0.16436647,-0.19048306,-0.2073087,-0.22105259,-0.2291663,-0.23574299,-0.2390194,-0.24285412,-0.24610296,-0.2506304,-0.25189713,-0.2525008,-0.24773581,-0.24077757,-0.2313466,-0.21903563,-0.2029313,-0.19059788,-0.17853948,-0.17044652,-0.16455555,-0.16318437,-0.15881807,-0.15462169,-0.15490387,-0.15867217,-0.15813829,-0.15656827,-0.15509742,-0.15054938,-0.14549804,-0.13724415,-0.13211736,-0.13213973,-0.13671261,-0.14152743,-0.1402703,-0.13245957,-0.120130986,-0.1028764,-0.08277628,-0.06495956,-0.052567955,-0.042150643,-0.042188786,-0.025945766,-0.0015833402,0.014884717,0.02661165,0.030946882,0.0270402,0.0249632,0.013758358,-0.007901182,-0.05323941,-0.12406063,-0.19916749,-0.29306826,-0.38629586,-0.47624153,-0.5472194,-0.60375124,-0.6490771,-0.6869217,-0.7204711,-0.7454047,-0.76556873,-0.7816543,-0.7945897,-0.8053082,-0.81398124,-0.82057846,-0.82575613,-0.829935,-0.8329843,-0.83569574,-0.8378376,-0.83956885,-0.84063566,-0.84404236,-0.8466481,-0.84470403,-0.84476304,-0.8464119,-0.84744626,-0.84718317,-0.8483384,-0.8488876,-0.84949213,-0.8499236,-0.8498088,-0.8504388,-0.85036725,-0.8506809,-0.8511736,-0.8520077,-0.8526138,-0.85332835,-0.8538887,-0.8531111,-0.8537765,-0.85411054,-0.85441834,-0.8547973,-0.8542471,-0.85424316,-0.8547164,-0.85559684,-0.85501766,-0.8556286,-0.8559474,-0.85620016,-0.85610336,-0.8557756,-0.8574081,-0.85820943,-0.8568405,-0.8575547,-0.8564846,-0.8575411,-0.8570291,-0.8576104,-0.8573363,-0.85686666,-0.85812926,-0.8581859,-0.85570675,-0.8564323,-0.8564362,-0.85739267,-0.85459054,-0.8559507,-0.8553872,-0.8557218,-0.85348755,-0.8558085,-0.84907,-0.84563065,-0.8513188,-0.84842616,-0.84462416,-0.84574205,-0.8444397,-0.84373933,-0.8465355,-0.8424833,-0.8421868,-0.8401529,-0.841511,-0.840383,-0.84064984,-0.8409656,-0.8420542,-0.8406616,-0.8370041,-0.84141624,-0.8423102,-0.8450928,-0.84606284,-0.75304407
426.19,-0.45862475,-0.32159117,-0.23113362,-0.17180808,-0.11953989,-0.08465885,-0.05120632,-0.03772393,-0.018497517,-0.0032322013,0.0,-0.009985593,0.025914503,0.05428719,0.06258318,0.08176622,0.09247047,0.10504844,0.10997055,0.114560135,0.117667526,0.12408339,0.12729697,0.1322942,0.13476346,0.13455291,0.13829546,0.13928851,0.14513092,0.1474399,0.14000273,0.13568115,0.1400197,0.13371031,0.12659009,0.10961921,0.093848035,0.07341093,0.04751955,0.016902871,-0.021428501,-0.06509127,-0.10328648,-0.13600624,-0.16737473,-0.19344394,-0.21022506,-0.22394367,-0.23203847,-0.23859386,-0.2418622,-0.24568887,-0.24892753,-0.25344223,-0.25471336,-0.25531915,-0.2505627,-0.24362512,-0.23422839,-0.2219474,-0.2058764,-0.19357023,-0.18154234,-0.17346562,-0.16758664,-0.16623442,-0.16187087,-0.157687,-0.15798025,-0.16174574,-0.16121975,-0.15965198,-0.15819097,-0.15365285,-0.14861736,-0.14037523,-0.13525918,-0.13529034,-0.13985854,-0.14466824,-0.14341554,-0.1356164,-0.123305485,-0.1060587,-0.085974306,-0.068170175,-0.0557814,-0.045366872,-0.045407586,-0.02916462,-0.0047996915,0.011671858,0.02340496,0.02774368,0.023836926,0.021756291,0.010552485,-0.011113944,-0.05645505,-0.12723179,-0.20226465,-0.296003,-0.38900903,-0.4786959,-0.5494306,-0.60575277,-0.6508974,-0.6885743,-0.72197723,-0.746795,-0.7668565,-0.7828651,-0.7957332,-0.8063948,-0.8150234,-0.82158643,-0.82673687,-0.8308905,-0.83392644,-0.83662343,-0.8387548,-0.8404745,-0.84153247,-0.84491944,-0.8475162,-0.845578,-0.8456393,-0.84727913,-0.84830695,-0.84804475,-0.8491911,-0.84974116,-0.850342,-0.85077095,-0.85065776,-0.8512841,-0.8512097,-0.85152346,-0.85201615,-0.85284495,-0.8534477,-0.85415494,-0.85471344,-0.8539421,-0.85460055,-0.8549327,-0.8552363,-0.85561657,-0.8550689,-0.85506696,-0.85553944,-0.85641253,-0.8558375,-0.8564471,-0.8567578,-0.8570108,-0.85691947,-0.8565889,-0.85821295,-0.85901016,-0.8576455,-0.85836136,-0.8572927,-0.85834455,-0.857836,-0.8584133,-0.8581393,-0.8576716,-0.8589301,-0.8589873,-0.85652286,-0.8572438,-0.8572449,-0.8581905,-0.8554111,-0.8567682,-0.8561983,-0.8565316,-0.85431486,-0.8566174,-0.84990835,-0.8464979,-0.85214627,-0.8492495,-0.84550923,-0.8466062,-0.8453155,-0.8446201,-0.84738797,-0.84335625,-0.8430826,-0.8410317,-0.84240586,-0.84126973,-0.84153354,-0.841852,-0.8429234,-0.84155154,-0.8379032,-0.8423001,-0.8431862,-0.8459685,-0.84692824,-0.7543492
429.08,-0.45096496,-0.31281248,-0.22180584,-0.16216275,-0.109735146,-0.07475952,-0.041250657,-0.027754737,-0.008517173,0.0067548514,0.009985593,0.0,0.035891715,0.06423359,0.07252033,0.091674276,0.10234935,0.11488831,0.11979979,0.124385364,0.12748235,0.13386676,0.13708603,0.1420685,0.14453313,0.1443264,0.14806253,0.14905068,0.15486214,0.15716924,0.14974679,0.14544767,0.149782,0.14350039,0.1364062,0.11948381,0.10374836,0.083348036,0.057479616,0.026857398,-0.011516891,-0.05528439,-0.09361971,-0.1264909,-0.15804042,-0.18427365,-0.2011831,-0.21499443,-0.22315067,-0.22976264,-0.23306239,-0.23691854,-0.24018255,-0.24473286,-0.24600114,-0.2465963,-0.24180214,-0.23480494,-0.22531894,-0.21294124,-0.19675295,-0.1843549,-0.17224689,-0.16410634,-0.1581897,-0.15680552,-0.1524228,-0.14820522,-0.14848861,-0.15225857,-0.15172282,-0.1501382,-0.14866067,-0.14409396,-0.13903067,-0.1307457,-0.12560481,-0.1256281,-0.1301991,-0.13502802,-0.1337672,-0.12593576,-0.11356975,-0.09627795,-0.076139964,-0.05829394,-0.04588209,-0.035452254,-0.035488278,-0.019228354,0.0051537137,0.021629935,0.033362187,0.037700355,0.033795908,0.031716324,0.020514298,-0.001156315,-0.046543542,-0.11749466,-0.19282882,-0.28709045,-0.38079086,-0.47131133,-0.5428005,-0.5997797,-0.64549416,-0.68367976,-0.7175453,-0.7427244,-0.76308656,-0.7793323,-0.79239845,-0.80322593,-0.81198716,-0.8186504,-0.82387763,-0.8280978,-0.8311777,-0.83391535,-0.8360769,-0.8378227,-0.8388922,-0.8423285,-0.8449717,-0.84300214,-0.84306234,-0.8447227,-0.8457653,-0.8454976,-0.84666294,-0.8472151,-0.84782696,-0.8482609,-0.8481466,-0.8487825,-0.84870636,-0.8490253,-0.84952676,-0.8503653,-0.8509803,-0.8516985,-0.8522656,-0.85148156,-0.85215485,-0.85249126,-0.8527952,-0.85318315,-0.8526281,-0.8526237,-0.8531012,-0.85399336,-0.8534065,-0.8540252,-0.85434014,-0.8546033,-0.85450494,-0.85417086,-0.855819,-0.8566269,-0.8552448,-0.85596836,-0.85488427,-0.8559561,-0.8554356,-0.85602397,-0.85574603,-0.8552763,-0.856548,-0.8566092,-0.85410124,-0.8548321,-0.8548453,-0.85581005,-0.8529698,-0.8543558,-0.8537796,-0.85411847,-0.85186803,-0.8542048,-0.8473906,-0.84392315,-0.8496721,-0.8467338,-0.84292674,-0.8440596,-0.84271735,-0.8420133,-0.8448325,-0.8407321,-0.84043896,-0.83839375,-0.839761,-0.8386133,-0.8388867,-0.8392002,-0.8403011,-0.83890116,-0.8351923,-0.83967406,-0.8405651,-0.84339535,-0.8443677,-0.75039494
431.97,-0.47815707,-0.34423825,-0.25526926,-0.19665718,-0.14489245,-0.11026466,-0.076983176,-0.063557096,-0.04438182,-0.02913863,-0.025914503,-0.035891715,0.0,0.028426306,0.03674038,0.05600439,0.06676287,0.07940523,0.08437265,0.088993415,0.09212107,0.09858426,0.10182803,0.106871895,0.109355725,0.10914901,0.112937175,0.11393485,0.1198178,0.122168526,0.11465184,0.110299274,0.11467465,0.10832935,0.10115547,0.08407854,0.06823135,0.047725644,0.021780392,-0.008842214,-0.047101032,-0.09057508,-0.12849286,-0.16090342,-0.1919073,-0.21763751,-0.23416984,-0.24768619,-0.25563636,-0.26208478,-0.26530507,-0.26906338,-0.2722403,-0.27669463,-0.2779563,-0.2785762,-0.27390778,-0.26709852,-0.25788563,-0.24581261,-0.22997804,-0.21786252,-0.20600341,-0.19803661,-0.19225883,-0.19094631,-0.18664682,-0.18252954,-0.18282904,-0.18657771,-0.18607387,-0.18454096,-0.18311174,-0.17863493,-0.1736644,-0.165498,-0.16043238,-0.1604803,-0.1650218,-0.16978876,-0.16854969,-0.16082598,-0.14861014,-0.13148583,-0.11152762,-0.09380992,-0.08147594,-0.07109879,-0.07113805,-0.05494667,-0.030617315,-0.014151493,-0.0024174924,0.0019201664,-0.0019948275,-0.004072177,-0.015278296,-0.03693657,-0.08216045,-0.15253398,-0.2268418,-0.3192544,-0.41052237,-0.49810636,-0.5669039,-0.62149775,-0.6651498,-0.7014941,-0.73366725,-0.75754386,-0.7768267,-0.79220104,-0.80454624,-0.8147766,-0.82305175,-0.82934403,-0.83427876,-0.8382619,-0.84117323,-0.8437587,-0.8458012,-0.84745294,-0.84846944,-0.85171026,-0.8542011,-0.85235214,-0.8524127,-0.85398746,-0.8549732,-0.8547205,-0.85581964,-0.8563463,-0.85692525,-0.8573363,-0.85722876,-0.85782737,-0.8577585,-0.858061,-0.8585324,-0.8593285,-0.859906,-0.8605829,-0.8611152,-0.8603779,-0.8610162,-0.86133236,-0.86162525,-0.8619891,-0.8614627,-0.8614626,-0.86190987,-0.8627541,-0.862203,-0.86278164,-0.8630817,-0.8633236,-0.8632341,-0.8629217,-0.86447847,-0.86523926,-0.86393476,-0.86462057,-0.86359996,-0.86460567,-0.8641135,-0.8646706,-0.8644075,-0.8639617,-0.8651644,-0.86521447,-0.8628558,-0.86354643,-0.8635456,-0.8644546,-0.8617834,-0.8630892,-0.8625531,-0.8628616,-0.8607425,-0.8629406,-0.85648173,-0.85321736,-0.85865223,-0.8558758,-0.8522577,-0.85333025,-0.852092,-0.8514398,-0.8541029,-0.85023165,-0.84995407,-0.8480389,-0.84933686,-0.8482379,-0.848479,-0.84880686,-0.84982735,-0.8485034,-0.84500366,-0.84923553,-0.85008126,-0.8527379,-0.85364413,-0.76470125
434.87,-0.49925044,-0.36860284,-0.28132543,-0.22360641,-0.17243388,-0.13815604,-0.10511988,-0.091777205,-0.07269358,-0.05750133,-0.05428719,-0.06423359,-0.028426306,0.0,0.00832687,0.027629275,0.038422365,0.05112066,0.05611082,0.060753435,0.06390007,0.07039948,0.07366676,0.07874963,0.08124248,0.08103225,0.08484654,0.08585459,0.09178627,0.09414804,0.086590596,0.08220385,0.08660776,0.080222,0.073014915,0.055861477,0.03997058,0.019427631,-0.006512406,-0.037073992,-0.07517718,-0.118357494,-0.1559041,-0.18791889,-0.21848744,-0.24381466,-0.26005065,-0.27333686,-0.28113058,-0.28744707,-0.2906079,-0.29429048,-0.29740363,-0.30178416,-0.3030406,-0.3036645,-0.2990976,-0.2924321,-0.2834239,-0.2715784,-0.2560255,-0.24412335,-0.23246495,-0.22463717,-0.21897441,-0.2177056,-0.21347816,-0.20942555,-0.20975345,-0.21347348,-0.2129963,-0.21150453,-0.21010433,-0.20569555,-0.20079553,-0.19273701,-0.18773684,-0.18780544,-0.19229956,-0.1970192,-0.19579719,-0.18817012,-0.17609195,-0.15912722,-0.13933095,-0.12175164,-0.109493904,-0.09918049,-0.09922637,-0.083111785,-0.058877844,-0.04245404,-0.03073919,-0.0264138,-0.030327952,-0.032401625,-0.043587923,-0.06519025,-0.110205546,-0.179998,-0.25337422,-0.3442418,-0.43350717,-0.5187516,-0.5854383,-0.63817686,-0.68023366,-0.7151831,-0.74606323,-0.7689472,-0.78740454,-0.8021145,-0.8139193,-0.82369345,-0.83159757,-0.8376102,-0.8423194,-0.8461244,-0.8489028,-0.8513724,-0.8533252,-0.85490394,-0.8558739,-0.8589709,-0.86135066,-0.85958433,-0.85964096,-0.86114836,-0.8620923,-0.86185056,-0.86290264,-0.8634043,-0.8639586,-0.8643523,-0.8642476,-0.864819,-0.8647574,-0.86504656,-0.86549336,-0.86625284,-0.8668045,-0.86744905,-0.8679584,-0.86725247,-0.8678606,-0.8681645,-0.8684458,-0.8687929,-0.8682891,-0.86829025,-0.8687171,-0.86952305,-0.8689979,-0.8695487,-0.8698342,-0.8700656,-0.8699824,-0.8696838,-0.8711659,-0.871898,-0.8706468,-0.87130123,-0.8703287,-0.8712916,-0.87082344,-0.871351,-0.87110287,-0.8706734,-0.87182176,-0.87186396,-0.8696152,-0.870273,-0.8702776,-0.87114835,-0.868591,-0.8698409,-0.8693273,-0.86962605,-0.86760277,-0.8697058,-0.86354184,-0.8604125,-0.8655884,-0.8629533,-0.8594951,-0.8605256,-0.85934764,-0.8587157,-0.8612624,-0.85756415,-0.8573177,-0.85547787,-0.8567227,-0.8556776,-0.8559141,-0.8562108,-0.8571994,-0.8559378,-0.85259086,-0.8566273,-0.85742754,-0.859969,-0.86082715,-0.7757578
437.76,-0.5052927,-0.37565264,-0.288896,-0.23143768,-0.18046495,-0.14628315,-0.11332277,-0.100001946,-0.08095651,-0.06579582,-0.06258318,-0.07252033,-0.03674038,-0.00832687,0.0,0.019310372,0.030106418,0.042824134,0.04781278,0.052463237,0.055614967,0.062129464,0.06540173,0.0704904,0.07299473,0.07278244,0.07660058,0.07761199,0.08355475,0.08592736,0.07834779,0.07395848,0.07837736,0.07198181,0.06476708,0.047591932,0.03168915,0.011142036,-0.014794054,-0.045335345,-0.08338663,-0.12647139,-0.16390696,-0.19580646,-0.22623836,-0.25144687,-0.26759613,-0.2808123,-0.28856418,-0.29484648,-0.29798156,-0.30164304,-0.3047368,-0.30909002,-0.31034887,-0.31097785,-0.3064321,-0.2998148,-0.29085648,-0.27908802,-0.2636097,-0.25178027,-0.2401736,-0.23239851,-0.22676103,-0.22551937,-0.2213057,-0.21727915,-0.21760374,-0.22132234,-0.22084424,-0.2193714,-0.21798341,-0.21359348,-0.20871049,-0.20069113,-0.19570392,-0.19576551,-0.20025524,-0.20495999,-0.20374541,-0.1961458,-0.184105,-0.16720186,-0.1474536,-0.12991965,-0.11768606,-0.10739744,-0.10743763,-0.09134775,-0.06714419,-0.050738703,-0.039031543,-0.034709997,-0.038621657,-0.0406954,-0.05187204,-0.07345334,-0.1183979,-0.18801501,-0.26110637,-0.351487,-0.44014668,-0.52469844,-0.5907476,-0.6429388,-0.68452126,-0.7190635,-0.7495668,-0.772168,-0.79039025,-0.80490303,-0.81654894,-0.82619315,-0.8339897,-0.83992267,-0.8445676,-0.8483204,-0.8510598,-0.85349673,-0.85542256,-0.8569824,-0.857936,-0.86099106,-0.8633478,-0.86160564,-0.8616615,-0.86314744,-0.8640771,-0.8638408,-0.8648787,-0.86537224,-0.8659195,-0.8663079,-0.86620647,-0.86677104,-0.8667075,-0.8669942,-0.8674343,-0.8681869,-0.8687317,-0.869368,-0.8698668,-0.8691734,-0.8697753,-0.8700751,-0.87034875,-0.87069196,-0.8701964,-0.87019676,-0.870621,-0.87141293,-0.87089574,-0.8714417,-0.87172276,-0.87195003,-0.8718685,-0.8715734,-0.8730369,-0.8737574,-0.87252676,-0.8731703,-0.8722088,-0.873158,-0.8726975,-0.8732197,-0.8729748,-0.87255454,-0.87368315,-0.8737242,-0.87151,-0.87215656,-0.87216085,-0.8730212,-0.8705046,-0.87173426,-0.87122434,-0.87152225,-0.86952317,-0.8715978,-0.86552244,-0.86242735,-0.867531,-0.86493856,-0.8615281,-0.8625324,-0.861403,-0.8607743,-0.8632821,-0.8596186,-0.8593892,-0.85755956,-0.8587965,-0.8577543,-0.8579943,-0.85828793,-0.8592554,-0.85801864,-0.8547003,-0.8586914,-0.85949343,-0.861986,-0.86284554,-0.77883345
440.66,-0.5189353,-0.39168748,-0.30619803,-0.24938749,-0.19890158,-0.16500291,-0.13225892,-0.11900911,-0.100061186,-0.08496194,-0.08176622,-0.091674276,-0.05600439,-0.027629275,-0.019310372,0.0,0.010805365,0.023541166,0.02853837,0.033199105,0.036359947,0.042889964,0.04617717,0.051282424,0.05379122,0.05358023,0.057414345,0.058427762,0.064395614,0.06677745,0.05917743,0.0547685,0.059209667,0.052792896,0.045562647,0.028356144,0.012442689,-0.008101427,-0.034000482,-0.064460576,-0.1023475,-0.14517224,-0.18230432,-0.21388377,-0.2439791,-0.26887795,-0.2848028,-0.29784197,-0.3054704,-0.31166285,-0.31474718,-0.31835777,-0.32140344,-0.32570043,-0.3269526,-0.32758945,-0.32312214,-0.31660372,-0.3078007,-0.29620996,-0.28095335,-0.26927704,-0.25782508,-0.25016996,-0.24460837,-0.24339828,-0.23924442,-0.2352746,-0.23561281,-0.23930755,-0.23884949,-0.23740631,-0.23604707,-0.23171487,-0.22689515,-0.21895568,-0.21403027,-0.21410136,-0.21854919,-0.22321908,-0.2220113,-0.21449418,-0.20255138,-0.18577932,-0.16617358,-0.14875318,-0.13658877,-0.12635082,-0.12639973,-0.110388525,-0.08626988,-0.069914386,-0.05824046,-0.053926967,-0.057836607,-0.05990464,-0.07104998,-0.09256602,-0.13731284,-0.20644884,-0.2788399,-0.36806878,-0.45531255,-0.5382335,-0.6028302,-0.6537573,-0.69425756,-0.72785527,-0.7574942,-0.7794348,-0.797115,-0.81118697,-0.82247984,-0.831828,-0.8393806,-0.8451311,-0.8496312,-0.8532676,-0.8559218,-0.85828453,-0.86015314,-0.8616637,-0.8625901,-0.8655495,-0.8678336,-0.8661471,-0.8662039,-0.86764485,-0.86854666,-0.86831594,-0.8693253,-0.86980397,-0.87033486,-0.87071216,-0.8706108,-0.8711595,-0.8710999,-0.8713781,-0.8718058,-0.872533,-0.8730608,-0.8736769,-0.8741588,-0.87348753,-0.87407345,-0.8743629,-0.8746283,-0.8749607,-0.8744811,-0.8744838,-0.8748943,-0.8756603,-0.87515867,-0.8756873,-0.8759608,-0.8761804,-0.8761009,-0.875817,-0.87723124,-0.87792903,-0.8767369,-0.8773637,-0.87643474,-0.87735116,-0.87690336,-0.8774108,-0.87717515,-0.8767677,-0.8778583,-0.8779001,-0.8757522,-0.87637794,-0.8763828,-0.87721515,-0.8747765,-0.8759666,-0.8754741,-0.8757586,-0.8738339,-0.8758327,-0.8699295,-0.86692166,-0.87188077,-0.86937326,-0.86607003,-0.8670361,-0.8659467,-0.8653364,-0.86776465,-0.8642438,-0.8639983,-0.8622506,-0.86344326,-0.86241907,-0.8626423,-0.8629386,-0.8638841,-0.86267227,-0.8594566,-0.8633309,-0.86410195,-0.86650527,-0.8673414,-0.7858282
