,397.32,400.20,403.09,405.97,408.85,411.74,414.63,417.52,420.40,423.29,426.19,429.08,431.97,434.87,437.76,440.66,443.56,446.45,449.35,452.25,455.16,458.06,460.96,463.87,466.77,469.68,472.59,475.50,478.41,481.32,484.23,487.14,490.06,492.97,495.89,498.80,501.72,504.64,507.56,510.48,513.40,516.33,519.25,522.18,525.10,528.03,530.96,533.89,536.82,539.75,542.68,545.62,548.55,551.49,554.43,557.36,560.30,563.24,566.18,569.12,572.07,575.01,577.96,580.90,583.85,586.80,589.75,592.70,595.65,598.60,601.55,604.51,607.46,610.42,613.38,616.34,619.30,622.26,625.22,628.18,631.15,634.11,637.08,640.04,643.01,645.98,648.95,651.92,654.89,657.87,660.84,663.81,666.79,669.77,672.75,675.73,678.71,681.69,684.67,687.65,690.64,693.62,696.61,699.60,702.58,705.57,708.57,711.56,714.55,717.54,720.54,723.53,726.53,729.53,732.53,735.53,738.53,741.53,744.53,747.54,750.54,753.55,756.56,759.56,762.57,765.58,768.60,771.61,774.62,777.64,780.65,783.67,786.68,789.70,792.72,795.74,798.77,801.79,804.81,807.84,810.86,813.89,816.92,819.95,822.98,826.01,829.04,832.07,835.11,838.14,841.18,844.22,847.25,850.29,853.33,856.37,859.42,862.46,865.50,868.55,871.60,874.64,877.69,880.74,883.79,886.84,889.90,892.95,896.01,899.06,902.12,905.18,908.24,911.30,914.36,917.42,920.48,923.55,926.61,929.68,932.74,935.81,938.88,941.95,945.02,948.10,951.17,954.24,957.32,960.40,963.47,966.55,969.63,972.71,975.79,978.88,981.96,985.05,988.13,991.22,994.31,997.40,1000.49,1003.58
397.32,0.0,0.15662971,0.24166386,0.30085933,0.3431289,0.37557265,0.39167058,0.40539184,0.41230235,0.42119685,0.42412022,0.4265492,0.4490766,0.46892473,0.4786727,0.4883003,0.49997774,0.5067095,0.5176229,0.5208039,0.52175266,0.52719593,0.53055245,0.5298981,0.5327407,0.5345052,0.5364469,0.5380722,0.5422675,0.54269665,0.5399131,0.5380335,0.54306614,0.5443532,0.5450787,0.5407796,0.5367013,0.5327291,0.5284412,0.5190437,0.50807905,0.49206546,0.4820574,0.47059473,0.4587122,0.4470238,0.4421406,0.4368478,0.43373027,0.43029574,0.4286491,0.42677078,0.42353654,0.420612,0.41821215,0.4154084,0.4165528,0.41863787,0.42248297,0.42614064,0.43200132,0.43576014,0.43954936,0.44180825,0.44284695,0.43891132,0.4365775,0.4352394,0.43188304,0.42700094,0.4239944,0.42106363,0.42096287,0.41802084,0.41718465,0.4162043,0.41659763,0.41447547,0.4073687,0.40173042,0.40090978,0.40171683,0.40883863,0.41813076,0.42689776,0.4304662,0.43659204,0.43689236,0.4371057,0.443797,0.45277357,0.4589134,0.4643788,0.46518716,0.4608281,0.45477965,0.4461549,0.43287835,0.3999092,0.35555628,0.30080736,0.22363009,0.1324035,0.030761734,-0.06716269,-0.1532683,-0.22953595,-0.29760796,-0.35806644,-0.4089442,-0.4529641,-0.48549688,-0.51443136,-0.53913146,-0.55714786,-0.5710174,-0.5827573,-0.5925867,-0.59928733,-0.6052275,-0.6092802,-0.6126489,-0.6151211,-0.6200247,-0.62302256,-0.6219448,-0.6223095,-0.623635,-0.62405556,-0.6244002,-0.62548,-0.62626225,-0.6269505,-0.62797135,-0.62885296,-0.62895817,-0.63023216,-0.6310967,-0.63107026,-0.6325376,-0.6326333,-0.6321731,-0.63406247,-0.6344957,-0.6341946,-0.6352646,-0.6347101,-0.63504237,-0.6362341,-0.63641053,-0.63574946,-0.63579327,-0.63625795,-0.6377233,-0.63677174,-0.638468,-0.6387374,-0.6377953,-0.6385373,-0.64030033,-0.64073116,-0.6392673,-0.64048237,-0.6396276,-0.6410327,-0.6400754,-0.63976157,-0.64264995,-0.6441106,-0.6440483,-0.64196324,-0.6408215,-0.64533895,-0.64316064,-0.6411251,-0.6430263,-0.6422124,-0.64077187,-0.6375376,-0.6402317,-0.64871734,-0.643875,-0.64551646,-0.6454901,-0.64012456,-0.6441033,-0.6443533,-0.6454588,-0.63811177,-0.6343283,-0.6282379,-0.6340779,-0.62875617,-0.6301381,-0.6301912,-0.6305807,-0.6366082,-0.634048,-0.62975925,-0.62953705,-0.6309709,-0.6430234,-0.6423287,-0.4815524
400.20,-0.15662971,0.0,0.08860628,0.1518795,0.19791171,0.23376347,0.25173134,0.26716858,0.27492073,0.28493884,0.28825217,0.29099184,0.31659713,0.33941105,0.3506147,0.36171752,0.37530518,0.3831544,0.39591977,0.39969015,0.4007613,0.40717906,0.4110862,0.41031274,0.41367087,0.41572097,0.4180368,0.4199537,0.4249122,0.42542648,0.4220775,0.41988528,0.4258342,0.42737123,0.42820865,0.42311916,0.41833133,0.41372937,0.40876263,0.39782003,0.3851308,0.36675248,0.3553947,0.34247458,0.32908627,0.3159718,0.3106218,0.30474782,0.30130383,0.29743838,0.29562765,0.29354855,0.2899354,0.28665492,0.28389066,0.2806513,0.28186,0.28405854,0.28824317,0.2921774,0.29865694,0.30275905,0.30697036,0.30941606,0.31048882,0.30596256,0.30322048,0.30165955,0.29784504,0.29228598,0.2888683,0.28554854,0.28540617,0.28204483,0.28105894,0.27996296,0.2803697,0.27800173,0.27001828,0.26370832,0.26280063,0.2637259,0.27166682,0.28208873,0.29188284,0.29582354,0.30271935,0.30301815,0.30321074,0.31076223,0.3209386,0.3279197,0.33413896,0.33503944,0.330068,0.32311097,0.3133295,0.29829574,0.2612505,0.21221364,0.15281563,0.07087181,-0.023453398,-0.1254778,-0.22078235,-0.30221322,-0.37255478,-0.43394762,-0.48738995,-0.5316014,-0.5693141,-0.59685624,-0.6211271,-0.6416767,-0.6565772,-0.667986,-0.67760646,-0.6856398,-0.6911015,-0.6959341,-0.699227,-0.7019627,-0.7039621,-0.70791453,-0.71035784,-0.7094911,-0.70978713,-0.71086067,-0.7112009,-0.71148175,-0.7123578,-0.71298367,-0.71354383,-0.7143589,-0.7150715,-0.71515673,-0.7161897,-0.716889,-0.71686,-0.7180422,-0.71811396,-0.7177415,-0.7192644,-0.71961516,-0.7193792,-0.7202317,-0.71978766,-0.7200572,-0.72102076,-0.72116107,-0.7206227,-0.72065204,-0.72103834,-0.7222089,-0.7214452,-0.72281,-0.72302747,-0.7222621,-0.7228583,-0.72427,-0.7246157,-0.72343224,-0.72441304,-0.723729,-0.7248621,-0.72408175,-0.72382635,-0.72614557,-0.72730124,-0.7272622,-0.72557634,-0.7246598,-0.72828317,-0.7265248,-0.72487766,-0.72642946,-0.7257793,-0.7246167,-0.7219772,-0.7240891,-0.7308284,-0.72689956,-0.72825724,-0.72823876,-0.7239047,-0.72712314,-0.72731686,-0.72821665,-0.72230226,-0.7192801,-0.7143744,-0.7191238,-0.7148219,-0.7159308,-0.7159504,-0.71628505,-0.7211595,-0.71908396,-0.7156083,-0.71543115,-0.71657085,-0.7262933,-0.725715,-0.5930715
403.09,-0.24166386,-0.08860628,0.0,0.0642372,0.11148491,0.14860569,0.16735157,0.18350606,0.19157605,0.2021058,0.20559488,0.20845932,0.23547481,0.25968271,0.27157804,0.28340015,0.29794124,0.30634966,0.32007512,0.32412714,0.32524428,0.33216366,0.3363785,0.33551264,0.3391757,0.3413798,0.34386602,0.34593165,0.35129783,0.3518557,0.34821656,0.34582078,0.35227123,0.35393617,0.35484537,0.34931874,0.34417978,0.3392359,0.3339141,0.32219034,0.30866385,0.28911516,0.2771401,0.26355582,0.24948135,0.23574166,0.23021317,0.22409391,0.22052063,0.21646963,0.21459933,0.21243909,0.20865355,0.20523266,0.20229611,0.19885822,0.20006926,0.20228934,0.20659333,0.21062003,0.21734177,0.22156806,0.22597681,0.2284615,0.2295409,0.22473846,0.2217953,0.22014137,0.21610458,0.21025217,0.20664448,0.20314623,0.20298544,0.19943137,0.19837968,0.19722478,0.19764292,0.19515581,0.18682297,0.18022417,0.1792892,0.18026768,0.18855605,0.19944589,0.2096828,0.21378408,0.22102435,0.22130263,0.2214847,0.2294005,0.24013224,0.24749638,0.2540501,0.2549929,0.24971996,0.24236128,0.23204118,0.2162358,0.17743848,0.1265889,0.065680794,-0.01729992,-0.11134904,-0.21138701,-0.30323112,-0.3805023,-0.44636506,-0.5031798,-0.5521229,-0.59228,-0.6262987,-0.6509973,-0.67266554,-0.69094,-0.7041485,-0.71423984,-0.72272754,-0.72981435,-0.73462015,-0.73887056,-0.74176747,-0.7441693,-0.7459167,-0.74936396,-0.75152564,-0.7507746,-0.7510313,-0.75196713,-0.75226945,-0.7525121,-0.7532801,-0.75382936,-0.75431395,-0.75503194,-0.75565755,-0.7557314,-0.75663346,-0.75724643,-0.7572213,-0.75825006,-0.75831443,-0.75797695,-0.7593152,-0.7596225,-0.7594221,-0.76016223,-0.7597732,-0.7600067,-0.76086164,-0.7609783,-0.7605078,-0.76052976,-0.76086795,-0.76188743,-0.76122004,-0.76241547,-0.76259893,-0.76192826,-0.76245165,-0.76368934,-0.7639867,-0.7629475,-0.7638085,-0.7632063,-0.76419586,-0.7635084,-0.76328474,-0.7653099,-0.76631075,-0.7662708,-0.7648025,-0.76398236,-0.7671571,-0.7656317,-0.7641692,-0.7655415,-0.7649807,-0.76395434,-0.7616083,-0.76341766,-0.76925296,-0.7658157,-0.76703197,-0.76700926,-0.76322025,-0.7660257,-0.7661811,-0.7669852,-0.7618129,-0.759192,-0.7548901,-0.75908196,-0.75529885,-0.7562566,-0.75627965,-0.7565659,-0.7608571,-0.75902253,-0.75596094,-0.75581163,-0.75679654,-0.76530325,-0.76482403,-0.64713407
405.97,-0.30085933,-0.1518795,-0.0642372,0.0,0.047642622,0.085307,0.1044214,0.12093488,0.12918468,0.13999364,0.14356875,0.14650854,0.1743117,0.19934236,0.21164681,0.22391234,0.23904455,0.24779344,0.26212838,0.26637292,0.2675151,0.27476767,0.279164,0.27825272,0.28208858,0.28438184,0.28700867,0.28915253,0.2947887,0.29538205,0.2915399,0.2890195,0.2957946,0.2975411,0.2984948,0.29268467,0.28731218,0.28216144,0.27663037,0.26442292,0.25037205,0.23013157,0.21780296,0.20386465,0.18940435,0.17533517,0.16973692,0.16349259,0.159862,0.15570332,0.15381186,0.15161164,0.14774054,0.14423892,0.14120857,0.13764174,0.1388477,0.14105564,0.14541203,0.14945959,0.15629674,0.16057518,0.16507423,0.16756998,0.16863365,0.16366549,0.16060674,0.15888643,0.15472254,0.14869612,0.14498407,0.14138608,0.14120401,0.13754746,0.13644779,0.1352626,0.13568036,0.13314354,0.12460355,0.11785966,0.11691469,0.117922135,0.1263852,0.13751921,0.14799333,0.15215924,0.15958405,0.15985455,0.16002493,0.16816112,0.17919253,0.18677309,0.19350913,0.19449331,0.18904136,0.1814351,0.17081892,0.15458229,0.11485077,0.06316885,0.0017688447,-0.081120215,-0.17402773,-0.27168095,-0.3602575,-0.43398383,-0.4962464,-0.54953754,-0.5951249,-0.63232356,-0.6636937,-0.68638563,-0.7062356,-0.72293377,-0.7349818,-0.74416554,-0.7518876,-0.75832516,-0.7626863,-0.766544,-0.769171,-0.7713469,-0.77292675,-0.7760357,-0.77799946,-0.7773243,-0.77755743,-0.7784044,-0.7786767,-0.77889717,-0.779591,-0.7800847,-0.7805241,-0.7811755,-0.7817377,-0.7818046,-0.7826209,-0.7831735,-0.7831524,-0.78408176,-0.7841416,-0.78383034,-0.7850367,-0.78532016,-0.7851379,-0.7858057,-0.7854541,-0.78566355,-0.7864411,-0.7865437,-0.786116,-0.786133,-0.7864404,-0.7873653,-0.78675646,-0.78784144,-0.7880076,-0.78739315,-0.78787035,-0.7889901,-0.78925484,-0.78831184,-0.7890913,-0.7885443,-0.7894447,-0.7888127,-0.78861123,-0.79043794,-0.7913356,-0.7913045,-0.78997654,-0.78922725,-0.79209596,-0.79071665,-0.7893796,-0.7906378,-0.79013205,-0.7891995,-0.78705335,-0.7886703,-0.7938928,-0.79076654,-0.79190797,-0.79187036,-0.788434,-0.7909616,-0.7910995,-0.7918414,-0.7871558,-0.7848014,-0.78092843,-0.78473395,-0.7813016,-0.78216714,-0.7821644,-0.78243846,-0.7863261,-0.7846551,-0.78190106,-0.781744,-0.78264356,-0.7903378,-0.7898856,-0.6824532
408.85,-0.3431289,-0.19791171,-0.11148491,-0.047642622,0.0,0.03785326,0.05711574,0.07381666,0.08216141,0.09310282,0.09673213,0.09971688,0.12794648,0.1534753,0.16604765,0.17857504,0.19408675,0.2030615,0.21779574,0.22215758,0.22334106,0.23079349,0.23531553,0.2343628,0.23832862,0.24069788,0.24340999,0.24560373,0.25142753,0.25204754,0.24806899,0.24547245,0.25246453,0.25427794,0.2552533,0.24927601,0.24373466,0.23845488,0.23278145,0.22024871,0.20586845,0.18518634,0.17264213,0.15848717,0.14380823,0.12954009,0.1239078,0.1176058,0.11394333,0.109731734,0.10781945,0.10559859,0.1016792,0.09813647,0.095051795,0.091410875,0.0926092,0.094804235,0.099181056,0.10322403,0.11011852,0.11441948,0.11896962,0.12146789,0.12252169,0.11745315,0.11431756,0.11255788,0.10832765,0.10220433,0.098426215,0.09477857,0.09458371,0.09087135,0.08973927,0.088546365,0.088956095,0.08639377,0.0777528,0.070931904,0.06997999,0.071002536,0.07955557,0.09082535,0.1014148,0.10562084,0.11313415,0.113394514,0.11355945,0.121811256,0.13301772,0.1407214,0.14756355,0.14856127,0.14300168,0.1352584,0.12445947,0.10798479,0.06776133,0.015738815,-0.045701835,-0.12808768,-0.21967708,-0.31510216,-0.40090176,-0.4717689,-0.5312129,-0.5818174,-0.624887,-0.6599049,-0.6893512,-0.7105924,-0.7291414,-0.74471974,-0.7559384,-0.7644868,-0.771662,-0.77764595,-0.7816939,-0.78527474,-0.7877134,-0.78972834,-0.7911902,-0.7940577,-0.7958854,-0.79526585,-0.795482,-0.7962663,-0.7965206,-0.7967213,-0.79736793,-0.79782397,-0.7982261,-0.7988316,-0.79935265,-0.79941124,-0.8001704,-0.80068374,-0.8006641,-0.80152214,-0.80157524,-0.8012847,-0.8024033,-0.80266124,-0.8024978,-0.80311674,-0.80278766,-0.80297846,-0.8037093,-0.8038032,-0.80340093,-0.80341655,-0.8037045,-0.80455273,-0.8039878,-0.80499166,-0.8051481,-0.80457926,-0.80501884,-0.8060522,-0.80629873,-0.80542547,-0.8061481,-0.80563927,-0.8064767,-0.8058839,-0.8056967,-0.8073843,-0.8082098,-0.8081813,-0.8069468,-0.80625,-0.80890214,-0.8076308,-0.80638874,-0.8075542,-0.8070932,-0.80621964,-0.8042182,-0.80568343,-0.8104856,-0.8075689,-0.8086471,-0.80861866,-0.8054245,-0.8077754,-0.8078966,-0.80859286,-0.8042524,-0.8020624,-0.7984924,-0.8020297,-0.79885167,-0.79963386,-0.7996247,-0.7998816,-0.803502,-0.80194306,-0.7993906,-0.79923683,-0.8000838,-0.80721104,-0.80677336,-0.7065083
411.74,-0.37557265,-0.23376347,-0.14860569,-0.085307,-0.03785326,0.0,0.019317316,0.036098644,0.04448112,0.0554982,0.059148252,0.062156413,0.09063514,0.11647175,0.12920989,0.1419072,0.15767147,0.16679537,0.18180649,0.18625267,0.18745032,0.19504815,0.19966094,0.1986897,0.20275004,0.20514971,0.20792472,0.21016206,0.21611479,0.21675259,0.21267092,0.210021,0.21717384,0.21901405,0.22002196,0.21390674,0.20825441,0.20288384,0.19711566,0.18437102,0.16976042,0.14880991,0.13614166,0.121865325,0.10706785,0.09270869,0.087073185,0.08074943,0.0770743,0.07283267,0.0709207,0.0686916,0.06475165,0.061184987,0.058067773,0.05437881,0.05556354,0.057734497,0.062108994,0.066127636,0.07304331,0.07734099,0.08190796,0.08439338,0.08543974,0.080301255,0.07712194,0.07533162,0.071057595,0.064875245,0.061058644,0.05738214,0.05717858,0.05342604,0.052274726,0.051075786,0.051478505,0.048905365,0.040213678,0.033356637,0.032402787,0.033434022,0.042029087,0.053356707,0.06400731,0.068226635,0.07579369,0.076048434,0.076202855,0.08451756,0.095824376,0.10360108,0.11050991,0.111513786,0.1058925,0.098060206,0.0871535,0.070544735,0.030077621,-0.022031225,-0.08328326,-0.16497935,-0.2552233,-0.34861776,-0.43202215,-0.5004967,-0.5576626,-0.60611624,-0.64719945,-0.68051124,-0.70847166,-0.72859824,-0.7461493,-0.7608646,-0.771455,-0.77951723,-0.78628236,-0.79192346,-0.7957332,-0.7991054,-0.801401,-0.8032962,-0.804668,-0.80735326,-0.809081,-0.8085062,-0.80870736,-0.8094448,-0.8096842,-0.80987465,-0.81047875,-0.8109055,-0.8112829,-0.8118542,-0.8123422,-0.81240064,-0.8131114,-0.8135986,-0.8135732,-0.8143789,-0.8144324,-0.8141521,-0.81520426,-0.81544566,-0.81529856,-0.8158756,-0.81556815,-0.8157477,-0.81643635,-0.81652063,-0.81614226,-0.81615925,-0.81642634,-0.81722075,-0.8166933,-0.8176364,-0.81778437,-0.8172475,-0.81766075,-0.81862724,-0.81886053,-0.81803894,-0.8187155,-0.81823844,-0.81902194,-0.8184646,-0.8182881,-0.81986886,-0.8206412,-0.82061654,-0.8194594,-0.8187982,-0.82129186,-0.8200906,-0.818919,-0.8200228,-0.81959224,-0.81876624,-0.8168696,-0.81822264,-0.8226998,-0.81994456,-0.8209855,-0.82096183,-0.817941,-0.820154,-0.8202618,-0.8209261,-0.8168552,-0.8148017,-0.8114534,-0.8147857,-0.8118003,-0.8125324,-0.8125243,-0.8127499,-0.8161606,-0.814702,-0.81230384,-0.81213844,-0.8129243,-0.8196474,-0.8192311,-0.7243939
414.63,-0.39167058,-0.25173134,-0.16735157,-0.1044214,-0.05711574,-0.019317316,0.0,0.016797464,0.025191704,0.036230884,0.039892692,0.04290503,0.07148001,0.097440824,0.1102423,0.12302344,0.13888903,0.1480868,0.1632142,0.16771232,0.16891259,0.17657797,0.18122667,0.18024252,0.18434969,0.18677458,0.18956903,0.19183427,0.19784288,0.19848701,0.19436224,0.19167869,0.19890893,0.20077354,0.20178999,0.1955993,0.18991059,0.18449728,0.17869224,0.16584982,0.15114607,0.1300638,0.11735242,0.10303196,0.08819038,0.07379735,0.068170436,0.061835695,0.058164,0.05391287,0.052003708,0.049770806,0.045826968,0.042252317,0.039120022,0.03541054,0.03658707,0.038742855,0.043107964,0.04711528,0.05403145,0.058320772,0.06289127,0.06536785,0.06640063,0.061238993,0.0580336,0.05623619,0.05194331,0.045737553,0.041904658,0.038214672,0.03800492,0.03423849,0.033078413,0.031873345,0.03227677,0.029698089,0.020992193,0.014125708,0.013172529,0.014205449,0.022809468,0.034153245,0.044819694,0.049047276,0.056629684,0.05688122,0.057031125,0.06536943,0.076717265,0.08451965,0.0914522,0.0924624,0.08681603,0.078945175,0.06800087,0.051342174,0.01080164,-0.041281145,-0.10235216,-0.18358368,-0.27303815,-0.36528653,-0.44740587,-0.51463574,-0.5706342,-0.61799407,-0.65807945,-0.6905454,-0.7177652,-0.73734623,-0.7544058,-0.7687006,-0.7789861,-0.78681034,-0.7933698,-0.798846,-0.8025397,-0.805807,-0.80803263,-0.80986893,-0.81119525,-0.8137925,-0.81547123,-0.81491387,-0.8151096,-0.8158196,-0.8160532,-0.81623715,-0.81682444,-0.81723356,-0.8176003,-0.81815195,-0.81862694,-0.8186823,-0.8193696,-0.8198392,-0.8198169,-0.8205958,-0.8206446,-0.8203732,-0.8213937,-0.82162887,-0.82148576,-0.8220424,-0.82174766,-0.821917,-0.82258505,-0.82267016,-0.82230353,-0.8223158,-0.8225776,-0.8233496,-0.82283455,-0.8237502,-0.823889,-0.82336307,-0.82376754,-0.8247076,-0.82492983,-0.8241303,-0.8247894,-0.8243257,-0.82508737,-0.8245449,-0.8243687,-0.82590264,-0.8266446,-0.8266208,-0.8254978,-0.8248601,-0.8272731,-0.8261107,-0.824968,-0.8260482,-0.8256309,-0.8248284,-0.8229823,-0.82426554,-0.8285968,-0.82592326,-0.82693976,-0.82692397,-0.8239926,-0.8261205,-0.8262246,-0.8268699,-0.82292783,-0.8209541,-0.81770474,-0.82094806,-0.818047,-0.8187459,-0.8187353,-0.81895775,-0.82227594,-0.8208522,-0.8185116,-0.8183683,-0.8191294,-0.8256387,-0.8252448,-0.7330761
417.52,-0.40539184,-0.26716858,-0.18350606,-0.12093488,-0.07381666,-0.036098644,-0.016797464,0.0,0.00839942,0.01944965,0.023115681,0.026133975,0.054769516,0.08081898,0.093671486,0.10651356,0.12247355,0.13172077,0.14695238,0.1514815,0.15269211,0.16041505,0.16509512,0.16409665,0.16824248,0.17068183,0.17350279,0.1757834,0.18184388,0.18249474,0.1783251,0.17562634,0.1829174,0.1847996,0.18582411,0.17958723,0.17385487,0.16841392,0.16257243,0.1496475,0.1348672,0.113687254,0.100935556,0.08657436,0.07170099,0.057278037,0.05165539,0.04532206,0.041644864,0.037385866,0.035476957,0.033244405,0.029292006,0.025714261,0.022572124,0.01884931,0.020020822,0.02216626,0.026524102,0.03051896,0.037435856,0.041719917,0.046293713,0.048764296,0.04979251,0.044611003,0.04139082,0.039582547,0.0352796,0.029056197,0.025214862,0.02151856,0.021304907,0.01752968,0.016364451,0.015158086,0.015560061,0.012980813,0.004265703,-0.0026048794,-0.0035561263,-0.002520964,0.006087753,0.017441003,0.02811519,0.03234122,0.039934028,0.040181797,0.040330596,0.048682887,0.060054082,0.067876115,0.074824594,0.075835004,0.07016869,0.062273484,0.051299244,0.034610093,-0.0059665116,-0.057997122,-0.118880704,-0.19968113,-0.28840968,-0.37964752,-0.46062142,-0.52674913,-0.5817089,-0.62811255,-0.6673216,-0.69904333,-0.72562563,-0.74472713,-0.7613585,-0.7752904,-0.78531027,-0.79292697,-0.7993143,-0.8046449,-0.8082389,-0.811419,-0.81358325,-0.81536937,-0.81665695,-0.8191773,-0.8208131,-0.8202753,-0.82046324,-0.82115614,-0.8213819,-0.82156074,-0.82213134,-0.8225322,-0.82288396,-0.82342166,-0.8238837,-0.82393616,-0.82460594,-0.8250648,-0.82504123,-0.8257966,-0.82584697,-0.82557863,-0.82657295,-0.8267996,-0.82666343,-0.82720286,-0.8269155,-0.8270827,-0.8277336,-0.82781476,-0.8274567,-0.8274696,-0.8277222,-0.8284731,-0.8279699,-0.8288587,-0.8289958,-0.8284845,-0.8288764,-0.8297902,-0.8300057,-0.8292282,-0.8298709,-0.8294168,-0.83015704,-0.82962286,-0.8294577,-0.83094996,-0.8316652,-0.8316419,-0.83055186,-0.829927,-0.8322729,-0.83114076,-0.83003247,-0.83108145,-0.8306785,-0.8298948,-0.8280889,-0.8293319,-0.83352625,-0.830902,-0.83191943,-0.83189213,-0.8290429,-0.8311116,-0.8312081,-0.8318444,-0.82799953,-0.82608753,-0.82293415,-0.8260951,-0.823274,-0.82395107,-0.8239379,-0.824153,-0.8273825,-0.82598835,-0.82372874,-0.82357585,-0.8243215,-0.8306553,-0.8302724,-0.74035305
420.40,-0.41230235,-0.27492073,-0.19157605,-0.12918468,-0.08216141,-0.04448112,-0.025191704,-0.00839942,0.0,0.011052021,0.014719926,0.017740505,0.04639534,0.07247412,0.085352965,0.09821523,0.1142019,0.12347087,0.13874084,0.14328313,0.1444905,0.1522348,0.15692738,0.15592815,0.16007629,0.1625316,0.16536032,0.16764556,0.17372864,0.1743787,0.17019607,0.16748922,0.1748027,0.176688,0.1777139,0.17146403,0.16571131,0.1602531,0.15439841,0.14145194,0.12664515,0.10544224,0.092689484,0.07832949,0.06345549,0.04904188,0.043428168,0.037101466,0.03343338,0.029174285,0.027265834,0.025038766,0.021088002,0.017509142,0.014363866,0.010634186,0.011799422,0.013934083,0.018281383,0.02226134,0.029168785,0.0334445,0.03801255,0.040475383,0.04149654,0.036304906,0.033076547,0.031264283,0.026955852,0.020728122,0.016882295,0.013180561,0.012964363,0.009185296,0.008015559,0.006806727,0.007205903,0.004626618,-0.004088286,-0.010960268,-0.0119105335,-0.010875446,-0.0022692496,0.00908189,0.019757275,0.02398394,0.031578142,0.031826314,0.031972926,0.04032995,0.051709756,0.05953767,0.0664983,0.06750769,0.061832085,0.053926557,0.042943172,0.026241247,-0.0143437665,-0.066338085,-0.12711287,-0.20768644,-0.29603726,-0.386761,-0.46717086,-0.5327606,-0.58722043,-0.63316303,-0.6719513,-0.70332164,-0.7295938,-0.74846286,-0.76489097,-0.7786472,-0.788539,-0.7960602,-0.8023616,-0.8076204,-0.81116587,-0.81430453,-0.8164409,-0.81820107,-0.819469,-0.82195216,-0.8235694,-0.82303995,-0.8232242,-0.82390773,-0.8241286,-0.82430446,-0.8248701,-0.8252635,-0.8256129,-0.8261414,-0.82659525,-0.8266483,-0.8273114,-0.8277589,-0.8277357,-0.8284834,-0.82853115,-0.8282659,-0.82924294,-0.829471,-0.8293365,-0.8298669,-0.82958317,-0.8297483,-0.83039224,-0.8304709,-0.8301183,-0.8301296,-0.83037966,-0.83111864,-0.8306235,-0.8314989,-0.83163786,-0.83113134,-0.831518,-0.83241856,-0.8326333,-0.83186436,-0.83249545,-0.83205307,-0.83278304,-0.83225626,-0.8320881,-0.83355916,-0.8342568,-0.83424306,-0.83316386,-0.83255255,-0.8348601,-0.83374727,-0.8326471,-0.83368707,-0.8332913,-0.83252054,-0.830731,-0.83194786,-0.8360816,-0.83349884,-0.834505,-0.83446735,-0.8316525,-0.8337064,-0.8338154,-0.83442664,-0.8306299,-0.8287622,-0.8256331,-0.8287588,-0.82598394,-0.8266446,-0.8266342,-0.8268407,-0.83002305,-0.8286666,-0.8264215,-0.82627225,-0.8270085,-0.8332564,-0.8328557,-0.7441104
423.29,-0.42119685,-0.28493884,-0.2021058,-0.13999364,-0.09310282,-0.0554982,-0.036230884,-0.01944965,-0.011052021,0.0,0.0036687294,0.006690625,0.035366796,0.06148836,0.074388914,0.08728305,0.10332421,0.112614445,0.12794569,0.13249929,0.13371405,0.14149004,0.14620593,0.14519699,0.1493685,0.15182729,0.15467107,0.15696579,0.16307953,0.16373168,0.15952903,0.15680967,0.1641546,0.16605312,0.16708565,0.16080014,0.1550258,0.14955327,0.14368089,0.13069168,0.11584217,0.09459269,0.08182876,0.0674619,0.052578166,0.03816189,0.03255707,0.026236253,0.022571586,0.018312572,0.016409388,0.014182373,0.010233393,0.006653548,0.0035034548,-0.00023299262,0.0009249163,0.003049422,0.007387678,0.0113533875,0.018252818,0.022518678,0.027083598,0.029537922,0.03055215,0.025349353,0.022112908,0.020294188,0.01598016,0.00974443,0.00589404,0.0021882546,0.0019689028,-0.0018149382,-0.002989311,-0.0042002317,-0.0038029829,-0.006381984,-0.0150976665,-0.021968402,-0.022918278,-0.021883113,-0.013280575,-0.001933352,0.008740061,0.012963336,0.020560315,0.020805262,0.020951163,0.029311856,0.040701535,0.048538167,0.055502743,0.05651375,0.05082954,0.04291335,0.031917937,0.015206167,-0.025377695,-0.07730278,-0.1379209,-0.21814872,-0.3059729,-0.39598957,-0.47562507,-0.5404872,-0.59426796,-0.63959247,-0.6778183,-0.7087137,-0.73457944,-0.75314367,-0.7693028,-0.78282803,-0.7925511,-0.7999421,-0.8061355,-0.8113021,-0.8147855,-0.8178668,-0.81996566,-0.82169497,-0.82293713,-0.8253676,-0.8269616,-0.82644486,-0.82662576,-0.82729673,-0.82751304,-0.82768536,-0.82823926,-0.82862604,-0.8289666,-0.8294855,-0.82993275,-0.82998437,-0.8306335,-0.83107513,-0.83105296,-0.8317839,-0.8318324,-0.8315688,-0.8325305,-0.83275235,-0.83262163,-0.83314383,-0.83286494,-0.83302516,-0.8336575,-0.8337361,-0.8333902,-0.83339983,-0.833646,-0.83436877,-0.83388466,-0.834747,-0.83487916,-0.8343816,-0.83476144,-0.83564484,-0.8358547,-0.8350995,-0.83572096,-0.83528274,-0.8360007,-0.8354818,-0.8353188,-0.83675915,-0.83744836,-0.8374285,-0.8363765,-0.8357655,-0.83803886,-0.83694214,-0.83586234,-0.83688563,-0.83649665,-0.8357354,-0.8339739,-0.8351697,-0.8392123,-0.8366796,-0.83767444,-0.83763033,-0.83487064,-0.83688414,-0.836977,-0.8375937,-0.83387005,-0.83202255,-0.8289662,-0.8320312,-0.82930094,-0.82995147,-0.82993,-0.83015,-0.8332749,-0.831937,-0.8297336,-0.82958555,-0.830307,-0.83643687,-0.83605254,-0.74875647
426.19,-0.42412022,-0.28825217,-0.20559488,-0.14356875,-0.09673213,-0.059148252,-0.039892692,-0.023115681,-0.014719926,-0.0036687294,0.0,0.0030219196,0.031702522,0.057833407,0.07074142,0.08364688,0.099696755,0.10900377,0.12434578,0.12890972,0.13012032,0.13790856,0.14262135,0.14162047,0.1457974,0.14826216,0.15110508,0.15340182,0.15952103,0.16018428,0.15596817,0.15324554,0.16060692,0.16250733,0.16353868,0.15724847,0.15146433,0.14598653,0.14011064,0.1271076,0.1122425,0.090977564,0.078207344,0.063834436,0.048946347,0.034526862,0.028925011,0.0226019,0.01893899,0.01467833,0.012775483,0.010549373,0.0065997266,0.0030188987,-0.00013053902,-0.003869457,-0.0027138155,-0.000591516,0.00374505,0.0077076866,0.014608295,0.01887208,0.023436027,0.025890637,0.026903637,0.021699328,0.018458875,0.016639253,0.012323804,0.006086882,0.0022349905,-0.0014720846,-0.0016918579,-0.005477283,-0.006651783,-0.007862031,-0.0074654943,-0.010043997,-0.018760335,-0.025629567,-0.026580105,-0.025544735,-0.016942924,-0.00559444,0.0050813784,0.009305268,0.016902013,0.017147606,0.017293066,0.025656894,0.03704941,0.04488929,0.051855903,0.052867513,0.04717934,0.039260447,0.028259438,0.011545423,-0.029041309,-0.08094803,-0.14152133,-0.22165726,-0.30932644,-0.39911085,-0.47849852,-0.5431144,-0.59666616,-0.64176834,-0.6798035,-0.71053433,-0.73625714,-0.75471485,-0.7707804,-0.7842231,-0.7938892,-0.8012341,-0.8073875,-0.812522,-0.8159833,-0.81904715,-0.82113117,-0.822848,-0.82408327,-0.82649803,-0.8280841,-0.8275718,-0.8277497,-0.8284148,-0.8286322,-0.828802,-0.8293543,-0.8297368,-0.830075,-0.8305919,-0.83103555,-0.8310869,-0.83173203,-0.8321712,-0.83214957,-0.83287466,-0.83292353,-0.83266044,-0.8336178,-0.83383894,-0.8337064,-0.8342263,-0.8339504,-0.834109,-0.8347379,-0.8348165,-0.834471,-0.83447826,-0.83472496,-0.8354443,-0.8349612,-0.835817,-0.83595043,-0.8354554,-0.8358334,-0.83671135,-0.8369198,-0.83616817,-0.83678603,-0.8363501,-0.8370647,-0.8365521,-0.8363872,-0.8378203,-0.83850354,-0.8384872,-0.8374404,-0.8368311,-0.839087,-0.83800185,-0.8369253,-0.83794516,-0.8375588,-0.8368054,-0.83505034,-0.8362352,-0.8402498,-0.8377293,-0.8387115,-0.8386826,-0.8359327,-0.8379269,-0.8380314,-0.83863384,-0.83493924,-0.83309954,-0.83006984,-0.83312494,-0.8303979,-0.831047,-0.8310378,-0.831245,-0.83434576,-0.8330171,-0.83082885,-0.8306779,-0.83140254,-0.83750015,-0.8371231,-0.75029117
429.08,-0.4265492,-0.29099184,-0.20845932,-0.14650854,-0.09971688,-0.062156413,-0.04290503,-0.026133975,-0.017740505,-0.006690625,-0.0030219196,0.0,0.028685791,0.054822937,0.06773486,0.08065139,0.09671214,0.106023364,0.121381804,0.12594996,0.12716651,0.13496046,0.13967955,0.13867013,0.14285387,0.14531992,0.14817397,0.15046832,0.1565968,0.15725723,0.1530388,0.15031485,0.15768097,0.15958811,0.1606229,0.15432312,0.1485339,0.14305304,0.1371685,0.12415892,0.1092841,0.088004895,0.07522854,0.0608488,0.045956142,0.03153082,0.025928846,0.019605726,0.015942521,0.011680185,0.009775979,0.0075522205,0.0036003676,1.9147628e-05,-0.0031314536,-0.0068710325,-0.0057148,-0.003592185,0.000742042,0.004704924,0.011605382,0.015869103,0.020433329,0.022887992,0.02390098,0.018693067,0.015449996,0.013629506,0.009313475,0.0030746115,-0.00077753724,-0.004484942,-0.004706219,-0.008491195,-0.009666057,-0.010877326,-0.010480704,-0.013058232,-0.02177485,-0.028644841,-0.029594442,-0.028558293,-0.01995705,-0.008609077,0.0020664649,0.0062902835,0.013888553,0.014133319,0.014278335,0.022643484,0.034037713,0.041879997,0.04884878,0.04986276,0.044171296,0.036246702,0.025245337,0.008526807,-0.03205769,-0.08394905,-0.14447941,-0.22452115,-0.31203312,-0.40161604,-0.4807757,-0.5451871,-0.5985455,-0.6434824,-0.6813634,-0.7119699,-0.7375831,-0.7559572,-0.77195245,-0.78533626,-0.7949564,-0.8022674,-0.80839205,-0.8135033,-0.816949,-0.8199978,-0.8220728,-0.82378095,-0.8250082,-0.8274098,-0.82899356,-0.82848316,-0.8286587,-0.82932097,-0.8295374,-0.8297057,-0.83025527,-0.830636,-0.8309738,-0.8314874,-0.8319294,-0.831979,-0.83262247,-0.8330595,-0.83303905,-0.83376,-0.8338073,-0.8335468,-0.83449984,-0.83472043,-0.83458865,-0.83510756,-0.83482957,-0.83498734,-0.8356136,-0.83569247,-0.83534724,-0.83535695,-0.8356023,-0.83631563,-0.83583516,-0.8366878,-0.8368208,-0.83633035,-0.836705,-0.83757865,-0.83778447,-0.83703774,-0.83765393,-0.8372193,-0.8379324,-0.83741784,-0.8372529,-0.83868015,-0.8393613,-0.8393437,-0.83830297,-0.8376965,-0.8399419,-0.8388633,-0.8377885,-0.8388056,-0.83841944,-0.83766645,-0.83592933,-0.83710724,-0.8411009,-0.83859473,-0.83957297,-0.83954215,-0.8368042,-0.8388051,-0.8389024,-0.8394938,-0.83581364,-0.833989,-0.830962,-0.83399355,-0.8312973,-0.8319376,-0.8319249,-0.83213747,-0.8352196,-0.8339019,-0.8317246,-0.8315808,-0.83229584,-0.8383618,-0.8379758,-0.75158274
431.97,-0.4490766,-0.31659713,-0.23547481,-0.1743117,-0.12794648,-0.09063514,-0.07148001,-0.054769516,-0.04639534,-0.035366796,-0.031702522,-0.028685791,0.0,0.026192695,0.039147925,0.052115783,0.06826602,0.077636674,0.09310965,0.09771831,0.098941825,0.106804885,0.111565694,0.11054452,0.1147708,0.11726137,0.1201414,0.12246414,0.12865517,0.12932238,0.12506168,0.122308,0.1297517,0.13168162,0.13273409,0.12636423,0.12053422,0.11501356,0.10909525,0.095999286,0.08104825,0.059683375,0.046897616,0.03251303,0.01762052,0.0032112964,-0.0023607383,-0.00866302,-0.012309257,-0.016566526,-0.01846206,-0.020680418,-0.024624582,-0.028202435,-0.031358626,-0.03511176,-0.033972625,-0.031879954,-0.02757516,-0.023652198,-0.016781282,-0.012546407,-0.007997402,-0.0055654272,-0.0045690495,-0.009797311,-0.01305537,-0.014886667,-0.019208869,-0.025455508,-0.029312102,-0.03302447,-0.03325028,-0.03703992,-0.03822137,-0.039432455,-0.039040063,-0.041610654,-0.05031136,-0.057162873,-0.058106765,-0.057074126,-0.04849365,-0.037174232,-0.026519414,-0.022305833,-0.014717656,-0.014477753,-0.014334451,-0.0059748027,0.0054244613,0.0132704275,0.020247867,0.021257939,0.015551712,0.007613729,-0.003399344,-0.020113235,-0.060617205,-0.112244844,-0.17226093,-0.25132224,-0.3373724,-0.42505142,-0.5021661,-0.56466705,-0.6162734,-0.6596164,-0.69606054,-0.72546315,-0.7500415,-0.7676456,-0.78295743,-0.7957599,-0.8049562,-0.81194115,-0.8177897,-0.82267106,-0.8259598,-0.8288689,-0.83084863,-0.83247715,-0.8336431,-0.83592296,-0.8374444,-0.8369612,-0.83712715,-0.83775765,-0.8379634,-0.83812445,-0.8386476,-0.8390104,-0.8393319,-0.8398202,-0.8402411,-0.84028697,-0.8409028,-0.84131926,-0.84129816,-0.8419848,-0.84202945,-0.84177774,-0.8426871,-0.8428945,-0.8427758,-0.8432648,-0.8430027,-0.8431524,-0.8437539,-0.84382355,-0.8434959,-0.8435019,-0.843736,-0.8444167,-0.843957,-0.8447706,-0.8448973,-0.8444235,-0.84478295,-0.84561765,-0.8458134,-0.8450989,-0.84568727,-0.84527254,-0.8459493,-0.84545946,-0.84530324,-0.8466589,-0.84730256,-0.8472881,-0.8462976,-0.8457118,-0.847854,-0.84682935,-0.8457958,-0.8467738,-0.84640336,-0.8456827,-0.8440154,-0.8451116,-0.8489036,-0.8465059,-0.8474623,-0.8474307,-0.84481496,-0.8467133,-0.84680027,-0.8473777,-0.8438609,-0.84213406,-0.8392453,-0.842156,-0.8395693,-0.8401828,-0.84016186,-0.8403716,-0.8433148,-0.84205216,-0.83998156,-0.83983654,-0.8405147,-0.8463006,-0.8459341,-0.76321524
434.87,-0.46892473,-0.33941105,-0.25968271,-0.19934236,-0.1534753,-0.11647175,-0.097440824,-0.08081898,-0.07247412,-0.06148836,-0.057833407,-0.054822937,-0.026192695,0.0,0.012973758,0.02596541,0.04217077,0.051578097,0.06713389,0.071768165,0.07299617,0.08090523,0.08570223,0.0846722,0.08893548,0.0914389,0.09434289,0.09667848,0.102920085,0.103596896,0.099297084,0.096524455,0.10402923,0.10598001,0.10703811,0.1006211,0.094753325,0.089209765,0.08327378,0.070116885,0.055120446,0.033715766,0.020945057,0.0065824403,-0.008277056,-0.022644885,-0.028176889,-0.034447074,-0.038073096,-0.042313397,-0.04419838,-0.046403,-0.050334107,-0.05390155,-0.057056382,-0.060813338,-0.05969213,-0.05763015,-0.05336383,-0.04948648,-0.04265382,-0.03845246,-0.033929717,-0.031521536,-0.030542832,-0.035778083,-0.039047197,-0.040885925,-0.045206867,-0.0514488,-0.055304315,-0.059014563,-0.059247945,-0.06303467,-0.06421977,-0.06543214,-0.065046825,-0.06760574,-0.07628034,-0.08310577,-0.08404638,-0.08301621,-0.07447302,-0.06319778,-0.05257795,-0.048381686,-0.040816624,-0.040578958,-0.0404401,-0.032096323,-0.020712491,-0.012875064,-0.005901863,-0.004895584,-0.010605744,-0.018542152,-0.02954941,-0.04623241,-0.08659978,-0.1379028,-0.19736521,-0.27541617,-0.36003697,-0.44588998,-0.52109236,-0.58182865,-0.6318311,-0.67372924,-0.7088782,-0.737198,-0.7608511,-0.7777747,-0.79248244,-0.8047692,-0.81359404,-0.82029057,-0.82589924,-0.83057874,-0.83372694,-0.8365142,-0.83841,-0.8399705,-0.8410833,-0.843262,-0.8447205,-0.8442616,-0.8444184,-0.8450223,-0.84522027,-0.845373,-0.8458741,-0.8462217,-0.84652734,-0.84699696,-0.8474003,-0.8474448,-0.8480324,-0.84843045,-0.8484087,-0.8490652,-0.8491092,-0.8488649,-0.84973514,-0.84993386,-0.849819,-0.850289,-0.85003656,-0.8501806,-0.8507575,-0.8508246,-0.85050946,-0.8505157,-0.8507425,-0.8513887,-0.8509483,-0.8517285,-0.85184795,-0.85139453,-0.8517399,-0.85253733,-0.85272175,-0.8520385,-0.85259974,-0.85220325,-0.8528517,-0.8523801,-0.85223,-0.8535268,-0.85413736,-0.85412693,-0.8531756,-0.852612,-0.85466266,-0.8536737,-0.8526857,-0.85362756,-0.85327804,-0.85258204,-0.85097224,-0.8520099,-0.855609,-0.85330975,-0.8542403,-0.85420746,-0.8516996,-0.85350937,-0.85359585,-0.8541514,-0.85079485,-0.84914553,-0.8463815,-0.84918064,-0.846699,-0.8472791,-0.84726834,-0.8474555,-0.8502812,-0.8490655,-0.8470762,-0.84694016,-0.8475956,-0.85313666,-0.8527781,-0.77325773
437.76,-0.4786727,-0.3506147,-0.27157804,-0.21164681,-0.16604765,-0.12920989,-0.1102423,-0.093671486,-0.085352965,-0.074388914,-0.07074142,-0.06773486,-0.039147925,-0.012973758,0.0,0.012997905,0.029216511,0.03863813,0.05421979,0.05886533,0.060094938,0.068024576,0.072828434,0.07179946,0.07607365,0.07858361,0.08149756,0.083841234,0.09010295,0.09078008,0.08646399,0.08368849,0.09121779,0.093171634,0.094237566,0.08780774,0.08192126,0.07636851,0.07042876,0.057254195,0.0422458,0.020836629,0.008082644,-0.0062587857,-0.021094201,-0.03542846,-0.040938083,-0.047188744,-0.050801404,-0.055032767,-0.056910165,-0.059108276,-0.063028984,-0.06658885,-0.069741845,-0.073500566,-0.07238881,-0.070343606,-0.06609935,-0.062246215,-0.05543882,-0.05125739,-0.046749756,-0.04435618,-0.043386117,-0.04862396,-0.0518972,-0.05373716,-0.058057323,-0.064294614,-0.06814511,-0.07185608,-0.072090305,-0.07587563,-0.07706385,-0.078278415,-0.077895515,-0.08045023,-0.08910585,-0.09591399,-0.0968529,-0.09582658,-0.08730705,-0.076060474,-0.06546419,-0.06127817,-0.053727113,-0.053490743,-0.053352986,-0.04502088,-0.033652615,-0.02582118,-0.018853849,-0.01784927,-0.023558488,-0.031491183,-0.042488035,-0.059149366,-0.09943065,-0.15055047,-0.20971413,-0.28725535,-0.37114435,-0.45607907,-0.5303331,-0.5901927,-0.6394053,-0.68059105,-0.71510845,-0.7428973,-0.76609457,-0.7826887,-0.79710054,-0.80913734,-0.8177782,-0.8243374,-0.8298252,-0.83440816,-0.8374898,-0.8402184,-0.8420745,-0.84360176,-0.84468824,-0.84681726,-0.84824914,-0.8478038,-0.8479573,-0.8485488,-0.8487418,-0.8488939,-0.8493832,-0.84972227,-0.8500217,-0.85048175,-0.85087407,-0.85091925,-0.85149366,-0.85188633,-0.85186434,-0.85250556,-0.8525488,-0.8523108,-0.85316014,-0.8533574,-0.8532464,-0.8537025,-0.8534577,-0.8535982,-0.85416406,-0.85423005,-0.8539196,-0.8539266,-0.8541467,-0.85477877,-0.8543485,-0.8551132,-0.8552308,-0.8547848,-0.8551222,-0.8559017,-0.8560842,-0.8554148,-0.85596275,-0.85557616,-0.85621125,-0.8557486,-0.85559964,-0.8568661,-0.85746294,-0.8574523,-0.85652006,-0.8559737,-0.8579791,-0.85701275,-0.8560427,-0.8569655,-0.8566257,-0.855945,-0.8543607,-0.85537,-0.8588881,-0.8566299,-0.85754377,-0.85751367,-0.8550551,-0.85682976,-0.8569188,-0.8574638,-0.8541754,-0.85256296,-0.84986705,-0.85259724,-0.85018873,-0.85074335,-0.8507218,-0.85091287,-0.8536845,-0.8524941,-0.8505446,-0.8504063,-0.8510391,-0.8564694,-0.85612375,-0.7781744
440.66,-0.4883003,-0.36171752,-0.28340015,-0.22391234,-0.17857504,-0.1419072,-0.12302344,-0.10651356,-0.09821523,-0.08728305,-0.08364688,-0.08065139,-0.052115783,-0.02596541,-0.012997905,0.0,0.0162285,0.025657987,0.04126051,0.045915138,0.047148775,0.05509447,0.059907734,0.058875028,0.06316117,0.06567922,0.068598144,0.07094762,0.07722636,0.07790953,0.07357979,0.070797674,0.0783498,0.08031309,0.08138127,0.074934274,0.06903928,0.06348091,0.057535343,0.044345066,0.029324898,0.007906658,-0.004834923,-0.01916345,-0.03397982,-0.04829431,-0.05378526,-0.060021237,-0.06362189,-0.0678476,-0.06971946,-0.071911685,-0.075823635,-0.07937912,-0.08252769,-0.086283214,-0.085177265,-0.08314253,-0.07891446,-0.075078905,-0.068288185,-0.064123034,-0.059628077,-0.057243377,-0.056280058,-0.06151643,-0.06478879,-0.066629484,-0.070942886,-0.07717225,-0.081018835,-0.08472301,-0.0849583,-0.08873749,-0.089924954,-0.09113672,-0.09075575,-0.09330194,-0.10193462,-0.108723894,-0.10965721,-0.108635664,-0.10013698,-0.08891844,-0.07834951,-0.07417025,-0.06663436,-0.066399395,-0.06626317,-0.05794803,-0.04659407,-0.038773853,-0.03181441,-0.030812414,-0.03651766,-0.044442356,-0.055425614,-0.07205833,-0.11223543,-0.16316536,-0.22201246,-0.29900682,-0.38214216,-0.46613386,-0.53941983,-0.59840566,-0.6468335,-0.68731356,-0.7212092,-0.74848306,-0.7712368,-0.78750336,-0.80162936,-0.8134232,-0.8218886,-0.82830924,-0.83368427,-0.83816975,-0.8411872,-0.84385633,-0.845674,-0.8471678,-0.84822905,-0.8503066,-0.8517139,-0.85127836,-0.8514287,-0.85200524,-0.85219556,-0.852342,-0.852822,-0.8531526,-0.85344404,-0.85389423,-0.8542801,-0.8543234,-0.85488546,-0.8552695,-0.8552493,-0.8558758,-0.855917,-0.85568106,-0.8565151,-0.85670614,-0.8565988,-0.8570459,-0.8568052,-0.8569407,-0.8574968,-0.8575607,-0.8572578,-0.8572611,-0.8574778,-0.8580966,-0.8576746,-0.85842294,-0.8585388,-0.85810333,-0.85843134,-0.85919464,-0.8593714,-0.8587145,-0.85925424,-0.8588724,-0.85949564,-0.85904145,-0.8588973,-0.8601352,-0.8607207,-0.86070746,-0.8597984,-0.85925746,-0.8612188,-0.860276,-0.8593247,-0.86023086,-0.8598971,-0.85923016,-0.8576798,-0.8586585,-0.862096,-0.8598883,-0.8607798,-0.8607509,-0.8583452,-0.860079,-0.86015886,-0.8606907,-0.8574759,-0.85590196,-0.8532609,-0.85594463,-0.853579,-0.8541286,-0.85409945,-0.8542864,-0.85700256,-0.85583186,-0.85393184,-0.85379225,-0.8544103,-0.8597193,-0.8593848,-0.78300726
