,397.32,400.20,403.09,405.97,408.85,411.74,414.63,417.52,420.40,423.29,426.19,429.08,431.97,434.87,437.76,440.66,443.56,446.45,449.35,452.25,455.16,458.06,460.96,463.87,466.77,469.68,472.59,475.50,478.41,481.32,484.23,487.14,490.06,492.97,495.89,498.80,501.72,504.64,507.56,510.48,513.40,516.33,519.25,522.18,525.10,528.03,530.96,533.89,536.82,539.75,542.68,545.62,548.55,551.49,554.43,557.36,560.30,563.24,566.18,569.12,572.07,575.01,577.96,580.90,583.85,586.80,589.75,592.70,595.65,598.60,601.55,604.51,607.46,610.42,613.38,616.34,619.30,622.26,625.22,628.18,631.15,634.11,637.08,640.04,643.01,645.98,648.95,651.92,654.89,657.87,660.84,663.81,666.79,669.77,672.75,675.73,678.71,681.69,684.67,687.65,690.64,693.62,696.61,699.60,702.58,705.57,708.57,711.56,714.55,717.54,720.54,723.53,726.53,729.53,732.53,735.53,738.53,741.53,744.53,747.54,750.54,753.55,756.56,759.56,762.57,765.58,768.60,771.61,774.62,777.64,780.65,783.67,786.68,789.70,792.72,795.74,798.77,801.79,804.81,807.84,810.86,813.89,816.92,819.95,822.98,826.01,829.04,832.07,835.11,838.14,841.18,844.22,847.25,850.29,853.33,856.37,859.42,862.46,865.50,868.55,871.60,874.64,877.69,880.74,883.79,886.84,889.90,892.95,896.01,899.06,902.12,905.18,908.24,911.30,914.36,917.42,920.48,923.55,926.61,929.68,932.74,935.81,938.88,941.95,945.02,948.10,951.17,954.24,957.32,960.40,963.47,966.55,969.63,972.71,975.79,978.88,981.96,985.05,988.13,991.22,994.31,997.40,1000.49,1003.58
397.32,0.0,0.17387459,0.2700975,0.32256782,0.37731698,0.4061948,0.43044776,0.44429487,0.45212644,0.461007,0.45807385,0.45949453,0.4758788,0.49473596,0.50576264,0.51726097,0.52613515,0.5324081,0.53849196,0.5381492,0.5386188,0.539302,0.54184955,0.54113346,0.54025936,0.543593,0.54575783,0.5469988,0.55092615,0.5498561,0.5438262,0.5414363,0.5435726,0.5420468,0.5359897,0.5258672,0.5127761,0.500546,0.485877,0.46597433,0.44458348,0.41760454,0.3966938,0.3780826,0.35980815,0.34249008,0.33542717,0.32675448,0.32193694,0.31843925,0.31736684,0.31452248,0.3119138,0.30955386,0.30670226,0.30421892,0.3064687,0.30941534,0.31323063,0.319918,0.32522687,0.32983586,0.33393684,0.3379486,0.3397523,0.33385602,0.33187357,0.331383,0.32753807,0.3210203,0.3166382,0.3132708,0.31264025,0.31191185,0.3127403,0.31142628,0.314821,0.31070882,0.30443466,0.29617637,0.2937665,0.29642072,0.3087368,0.32299384,0.3407776,0.35646024,0.37072384,0.37824333,0.3820655,0.39804816,0.4155913,0.4307898,0.44049364,0.44907477,0.45425543,0.4486643,0.43915558,0.42068183,0.37718204,0.30249196,0.22234982,0.11516187,0.010820727,-0.091115244,-0.182637,-0.2546853,-0.31738693,-0.37211236,-0.4188637,-0.45902517,-0.49306253,-0.5168855,-0.5394097,-0.5576528,-0.57134074,-0.5816609,-0.5919972,-0.5985601,-0.6030023,-0.60798216,-0.61239296,-0.6162499,-0.61788195,-0.6201278,-0.62717974,-0.6278765,-0.627162,-0.62959635,-0.62972105,-0.6308313,-0.6314201,-0.63151693,-0.632823,-0.6338872,-0.63513094,-0.6357827,-0.6355969,-0.636021,-0.6376603,-0.6387779,-0.6398336,-0.6406327,-0.64098716,-0.6427665,-0.64141387,-0.642531,-0.64210665,-0.64124566,-0.64294297,-0.6424403,-0.6437201,-0.6437293,-0.64433473,-0.64286244,-0.6447945,-0.6465343,-0.64480215,-0.64703393,-0.6472304,-0.64721316,-0.6469331,-0.6489256,-0.6464467,-0.6494784,-0.64866203,-0.6463226,-0.64967763,-0.6479807,-0.6451503,-0.6479689,-0.6454746,-0.6518129,-0.6434984,-0.6496056,-0.6507413,-0.6494891,-0.64617604,-0.6469613,-0.642001,-0.64673996,-0.6429017,-0.6483157,-0.6397415,-0.6500268,-0.6451997,-0.65105647,-0.6475427,-0.6482137,-0.6337817,-0.64525396,-0.64336103,-0.6355537,-0.6217272,-0.63136613,-0.6350343,-0.6355217,-0.6241895,-0.638127,-0.632022,-0.6389142,-0.62985235,-0.63185906,-0.6397128,-0.56525815
400.20,-0.17387459,0.0,0.10109688,0.15778781,0.21825345,0.25065044,0.27812427,0.29396734,0.30296564,0.31336144,0.3099032,0.31153044,0.33055618,0.35254782,0.36546662,0.3790764,0.38972226,0.39722434,0.40456405,0.40421897,0.4048239,0.40572077,0.40871617,0.40787947,0.4069166,0.41097775,0.4135753,0.41507646,0.4198449,0.41863737,0.41145137,0.40859416,0.41122213,0.40944096,0.40228766,0.39032462,0.3749834,0.3606983,0.34369603,0.3208323,0.29639637,0.26593578,0.24266367,0.22219013,0.20220853,0.18337652,0.17589094,0.1665385,0.16140155,0.15770015,0.15658186,0.15355083,0.15077476,0.14823864,0.14507687,0.1422557,0.14454304,0.14761296,0.15153451,0.15864393,0.16418113,0.16901654,0.17336375,0.17763415,0.17949128,0.1728737,0.17060295,0.16999622,0.16571249,0.15850762,0.15365776,0.14993449,0.14916565,0.14831014,0.1491621,0.14769487,0.15138763,0.14691558,0.14001632,0.13106032,0.12848492,0.1313632,0.1447677,0.16027614,0.17972347,0.19695996,0.21280167,0.22115487,0.22537804,0.24328703,0.26309213,0.28025156,0.29129994,0.30105653,0.30699357,0.30048484,0.28959125,0.2685504,0.21962468,0.13756657,0.05217873,-0.058417812,-0.16215391,-0.25994253,-0.34488013,-0.40987024,-0.46516672,-0.5124939,-0.5522456,-0.585896,-0.61405206,-0.63356507,-0.6518999,-0.6666444,-0.6776527,-0.68592364,-0.69418484,-0.6994168,-0.7029537,-0.7069176,-0.7104199,-0.7134898,-0.7147851,-0.71656483,-0.72215545,-0.722714,-0.7221474,-0.72407204,-0.7241719,-0.7250557,-0.725517,-0.7255964,-0.7266259,-0.7274692,-0.7284523,-0.7289595,-0.72881454,-0.72915334,-0.7304399,-0.731327,-0.73215955,-0.7327927,-0.7330608,-0.73445976,-0.733391,-0.7342781,-0.7339441,-0.73327655,-0.73461187,-0.73420656,-0.7352145,-0.73522574,-0.7356967,-0.7345387,-0.736059,-0.737435,-0.73606706,-0.73782396,-0.7379735,-0.7379602,-0.7377339,-0.73930466,-0.73735523,-0.7397343,-0.7390994,-0.73724574,-0.73989075,-0.73855275,-0.7363342,-0.7385468,-0.7365933,-0.74155664,-0.73505235,-0.73982716,-0.74070245,-0.739735,-0.73713356,-0.7377493,-0.73385876,-0.73754644,-0.7344838,-0.7386744,-0.7320328,-0.74011797,-0.73626727,-0.7409079,-0.738149,-0.7386607,-0.7273462,-0.73638046,-0.7349035,-0.7287472,-0.71789926,-0.72548354,-0.7283545,-0.7287286,-0.71977633,-0.7307887,-0.725987,-0.7314363,-0.7242044,-0.725831,-0.7319959,-0.6726348
403.09,-0.2700975,-0.10109688,0.0,0.057667572,0.119909056,0.15364017,0.18247356,0.19926973,0.208664,0.21972889,0.21610174,0.21782185,0.23807538,0.26153922,0.27538377,0.29011834,0.30155855,0.30977103,0.31776032,0.31749693,0.31817037,0.31911087,0.32238778,0.32153362,0.32052717,0.32493874,0.32781056,0.32946464,0.33469555,0.33342585,0.3256079,0.32251024,0.3254145,0.323537,0.31579104,0.30292836,0.2863978,0.27113676,0.25304005,0.22878008,0.20300242,0.17108038,0.1468995,0.12577885,0.105266325,0.08598221,0.07843659,0.06891688,0.06372534,0.060010012,0.05887809,0.05580994,0.053011857,0.050432008,0.047148727,0.04419804,0.046463255,0.0495156,0.053407874,0.060569346,0.066092424,0.07093839,0.07532616,0.079653084,0.08149607,0.07459923,0.07221198,0.07154645,0.06710387,0.059668597,0.0546741,0.05082437,0.049995735,0.04909722,0.049949788,0.048419133,0.052220695,0.04764852,0.040559344,0.0314305,0.028818175,0.031761248,0.04547715,0.06137072,0.081342675,0.09909088,0.115521036,0.124166965,0.12855476,0.14718953,0.1679708,0.18594903,0.19753197,0.20778114,0.21401502,0.2070715,0.19556582,0.17341161,0.12240179,0.037918143,-0.048375692,-0.15802597,-0.2586777,-0.35167548,-0.43093356,-0.49068725,-0.5409011,-0.5834211,-0.6188356,-0.648586,-0.67331696,-0.69039446,-0.7063636,-0.7191833,-0.72871876,-0.7358723,-0.7430133,-0.7475261,-0.7505819,-0.7539898,-0.7570222,-0.7596641,-0.76078296,-0.76231736,-0.7671115,-0.7676049,-0.7671278,-0.76877564,-0.76886797,-0.7696283,-0.7700233,-0.77009666,-0.77098227,-0.77170295,-0.77254725,-0.7729783,-0.7728556,-0.77315295,-0.77425826,-0.77502036,-0.7757302,-0.77626765,-0.776503,-0.7777097,-0.7767901,-0.7775601,-0.7772649,-0.7766879,-0.7778377,-0.7774932,-0.7783556,-0.7783638,-0.77877134,-0.7777777,-0.77907175,-0.78025055,-0.77909255,-0.78058684,-0.7807168,-0.7807009,-0.7805173,-0.7818647,-0.7801958,-0.78224105,-0.78167963,-0.78010607,-0.78235626,-0.7812221,-0.77930415,-0.78120124,-0.77953106,-0.78379256,-0.7782033,-0.7823024,-0.7830431,-0.78221846,-0.7800018,-0.78053933,-0.77718186,-0.7803128,-0.77766037,-0.7812642,-0.77557933,-0.78246707,-0.7791598,-0.7831765,-0.7808303,-0.78127766,-0.77154005,-0.779305,-0.778041,-0.77277964,-0.76345295,-0.77002317,-0.77242804,-0.7727652,-0.76505965,-0.77453476,-0.7704081,-0.7750576,-0.7688901,-0.77030075,-0.775579,-0.7240896
405.97,-0.32256782,-0.15778781,-0.057667572,0.0,0.062722415,0.09688639,0.1262443,0.14341767,0.15301105,0.164337,0.16060874,0.16240834,0.18320426,0.20733717,0.2216067,0.23686694,0.24876669,0.25728482,0.2656436,0.265326,0.2660794,0.26708254,0.27052712,0.26963043,0.26860383,0.27321702,0.27620012,0.2779402,0.28343496,0.28215286,0.27400675,0.27080652,0.27382645,0.2718971,0.26389927,0.25059497,0.23351352,0.21779701,0.19918965,0.17435616,0.14798096,0.11547558,0.09099587,0.06969529,0.049045354,0.029680282,0.022174222,0.012639888,0.0074613583,0.0037682992,0.0026462032,-0.00041178628,-0.0032050142,-0.0057859165,-0.00910565,-0.012115098,-0.009894128,-0.0068745613,-0.0030434553,0.0040913094,0.009551394,0.014355066,0.018718937,0.023030449,0.024842106,0.017842062,0.015398671,0.014705941,0.010206094,0.0026974888,-0.0023450546,-0.006240478,-0.0070968773,-0.008021424,-0.007180837,-0.008735511,-0.004918642,-0.009511424,-0.016650572,-0.025800165,-0.028412132,-0.025457138,-0.011686867,0.0042802948,0.024383014,0.04227587,0.058915306,0.06766055,0.07208319,0.09099913,0.112167455,0.13045603,0.14228822,0.15274145,0.15913133,0.15196778,0.14020063,0.11754868,0.065754615,-0.019385312,-0.10541437,-0.21352807,-0.31158653,-0.4011654,-0.47673932,-0.53324825,-0.58043486,-0.62017363,-0.6531275,-0.6807148,-0.7035629,-0.7193095,-0.73400444,-0.7457865,-0.75453883,-0.76110333,-0.76765174,-0.77178144,-0.77458173,-0.7777028,-0.7804812,-0.78290635,-0.78393507,-0.785345,-0.7897189,-0.79017985,-0.78974503,-0.7912559,-0.7913439,-0.79203767,-0.79240626,-0.7924698,-0.79328763,-0.79394424,-0.7947167,-0.79511136,-0.7949974,-0.7952638,-0.7962758,-0.79697436,-0.79762787,-0.7981244,-0.7983354,-0.7994292,-0.7985937,-0.79929405,-0.79902005,-0.7984993,-0.79955244,-0.79924095,-0.80003446,-0.8000273,-0.8004062,-0.7994951,-0.8006786,-0.8017593,-0.8006912,-0.8020676,-0.802181,-0.80217326,-0.80201155,-0.8032262,-0.8017169,-0.80357605,-0.8030662,-0.80161494,-0.8036912,-0.8026479,-0.8008918,-0.8026268,-0.80110425,-0.8049889,-0.79988146,-0.8036149,-0.8042987,-0.8035519,-0.8015291,-0.8020198,-0.79894894,-0.8018007,-0.7993471,-0.80263484,-0.7974402,-0.80376583,-0.8007361,-0.80437875,-0.80224085,-0.8026837,-0.7937722,-0.80085236,-0.7997287,-0.7949218,-0.7864051,-0.7923693,-0.79459965,-0.79489756,-0.7878335,-0.79648453,-0.79275197,-0.7970033,-0.7913423,-0.79262257,-0.79744995,-0.75021946
408.85,-0.37731698,-0.21825345,-0.119909056,-0.062722415,0.0,0.034396842,0.06406038,0.08148964,0.09124503,0.10280119,0.0989838,0.100822516,0.12206543,0.14675511,0.16141151,0.17710693,0.18941265,0.19824271,0.2069303,0.2066384,0.2073916,0.20848133,0.2120068,0.21111171,0.21008372,0.21488933,0.21797335,0.21978943,0.22550575,0.22418995,0.215781,0.21246612,0.21562684,0.21363476,0.20539413,0.19168237,0.17412852,0.15799265,0.13894932,0.113655426,0.08684577,0.053958092,0.029334208,0.008000629,-0.012631704,-0.031933,-0.03934345,-0.048819456,-0.05394033,-0.057580292,-0.05868779,-0.061711878,-0.06448061,-0.06704113,-0.07037905,-0.07342678,-0.07125957,-0.06831085,-0.064564645,-0.057525415,-0.052170463,-0.047449064,-0.043149985,-0.038885925,-0.03711869,-0.044176456,-0.046660624,-0.04737753,-0.051903218,-0.05943371,-0.064487524,-0.06840431,-0.06928482,-0.07022315,-0.06940604,-0.07096919,-0.06716715,-0.07174525,-0.07887132,-0.0879705,-0.09056497,-0.08761869,-0.07390917,-0.057984047,-0.03790037,-0.019992225,-0.0032714764,0.0055156983,0.009970476,0.029027214,0.05043329,0.06894633,0.08094624,0.09156325,0.09806434,0.0907311,0.0787655,0.055780686,0.0035068614,-0.08165118,-0.166731,-0.27238512,-0.36697948,-0.4523805,-0.5237068,-0.5765964,-0.6204592,-0.65721405,-0.68755144,-0.71285725,-0.73375016,-0.7481115,-0.7615004,-0.7722116,-0.78016305,-0.7861204,-0.792062,-0.7958063,-0.7983449,-0.80117095,-0.80368805,-0.80588204,-0.8068131,-0.8080746,-0.8120387,-0.8124605,-0.8120722,-0.8134398,-0.81351346,-0.814147,-0.8144752,-0.81453526,-0.8152741,-0.81586254,-0.8165627,-0.8169212,-0.81681275,-0.8170606,-0.81797445,-0.8186083,-0.81919897,-0.8196405,-0.8198283,-0.8208211,-0.8200665,-0.82069993,-0.8204518,-0.8199821,-0.82093453,-0.8206476,-0.82136416,-0.8213679,-0.8217072,-0.82088673,-0.8219542,-0.82293594,-0.8219679,-0.8232109,-0.8233108,-0.8232988,-0.82315016,-0.82425946,-0.82288593,-0.8245679,-0.8241043,-0.8227888,-0.82467574,-0.8237292,-0.8221421,-0.8237035,-0.82234013,-0.8258389,-0.82123035,-0.8245993,-0.82522106,-0.82454515,-0.82270575,-0.8231463,-0.8203796,-0.8229425,-0.8206778,-0.8236594,-0.8190008,-0.8247036,-0.8219253,-0.82523316,-0.82332194,-0.823688,-0.815653,-0.82210064,-0.8210467,-0.8167204,-0.8090432,-0.8144343,-0.8164421,-0.8166983,-0.81032157,-0.8181587,-0.8147641,-0.8185974,-0.81344634,-0.8146237,-0.81898904,-0.7760238
411.74,-0.4061948,-0.25065044,-0.15364017,-0.09688639,-0.034396842,0.0,0.02974347,0.047255795,0.05706628,0.0687059,0.064872704,0.06673128,0.088132784,0.11307051,0.12788412,0.14379838,0.15627888,0.16528407,0.17408782,0.1738221,0.17461872,0.17573231,0.17928836,0.17841946,0.17737584,0.18226293,0.18543036,0.18728174,0.19311589,0.19177471,0.18323207,0.17986363,0.18309778,0.18110248,0.17270999,0.15882762,0.14102603,0.12470406,0.10548494,0.079996005,0.05302804,0.020028796,-0.0045936527,-0.025876036,-0.046429172,-0.06563633,-0.07296261,-0.08237475,-0.087447494,-0.09104526,-0.09213705,-0.09513621,-0.09788329,-0.10042492,-0.10376112,-0.10682347,-0.104695536,-0.10179522,-0.09811618,-0.091149956,-0.085877895,-0.081222855,-0.076975465,-0.072753616,-0.07102305,-0.07809528,-0.080597915,-0.081331365,-0.08585885,-0.09337973,-0.098425426,-0.10234324,-0.10323511,-0.10418377,-0.103386946,-0.104951665,-0.101167865,-0.10573123,-0.11283026,-0.12187896,-0.12445927,-0.121524766,-0.10789041,-0.09203665,-0.07202482,-0.054158144,-0.03743559,-0.028652845,-0.024195375,-0.005107151,0.016378159,0.034964837,0.047026705,0.0577007,0.064235464,0.056829404,0.04478631,0.021675028,-0.030699436,-0.115624204,-0.1999358,-0.3039421,-0.39642477,-0.47937527,-0.5482702,-0.599114,-0.64114857,-0.6762727,-0.7051899,-0.7292647,-0.74911964,-0.7627522,-0.775447,-0.7856018,-0.79312956,-0.7987689,-0.80439,-0.80793,-0.81033504,-0.8130093,-0.815392,-0.8174696,-0.81834644,-0.81954116,-0.82329786,-0.82370144,-0.823331,-0.82462585,-0.82469535,-0.8252936,-0.825607,-0.825664,-0.8263565,-0.8269192,-0.82758164,-0.8279208,-0.8278201,-0.8280572,-0.82892,-0.8295191,-0.83007705,-0.83049333,-0.830677,-0.8316102,-0.83089614,-0.83150285,-0.8312621,-0.83082044,-0.8317205,-0.8314538,-0.83212835,-0.83212835,-0.8324507,-0.8316707,-0.83268005,-0.83360827,-0.8327011,-0.83386964,-0.83396417,-0.83395535,-0.83381325,-0.8348646,-0.8335647,-0.83515286,-0.83471304,-0.83346796,-0.8352508,-0.83435374,-0.83284664,-0.8343292,-0.8330395,-0.83635014,-0.8319857,-0.83517945,-0.8357549,-0.83512163,-0.8333881,-0.83380365,-0.8311865,-0.83358717,-0.83144104,-0.83422774,-0.82987124,-0.8352265,-0.8326243,-0.8357571,-0.8339341,-0.8342866,-0.82670164,-0.8327877,-0.8317844,-0.82771957,-0.8204561,-0.8255603,-0.82743806,-0.8277015,-0.82166475,-0.8290685,-0.82587105,-0.82950264,-0.82461953,-0.8257171,-0.8298613,-0.78905404
414.63,-0.43044776,-0.27812427,-0.18247356,-0.1262443,-0.06406038,-0.02974347,0.0,0.017547525,0.02737722,0.03906325,0.035210963,0.03708067,0.05857623,0.08367252,0.098590635,0.114654616,0.12726095,0.13636586,0.14529985,0.1450146,0.14583336,0.1469692,0.15058556,0.14970033,0.1486631,0.1536183,0.15682244,0.15870284,0.1646209,0.16330543,0.15463488,0.15123105,0.1545256,0.15250814,0.14403096,0.12999995,0.11204832,0.095613144,0.07628712,0.050689906,0.023652727,-0.009359157,-0.03391012,-0.05508969,-0.07551491,-0.09458471,-0.10181578,-0.111145824,-0.116161086,-0.11970994,-0.120791666,-0.12375955,-0.12647662,-0.12899525,-0.13232598,-0.13538912,-0.13330115,-0.13046011,-0.12684487,-0.11996628,-0.114776954,-0.11019575,-0.10601101,-0.101839356,-0.10014489,-0.10720873,-0.10971962,-0.110465385,-0.114986666,-0.12248528,-0.12750837,-0.13142107,-0.13232237,-0.13327938,-0.13249496,-0.13406341,-0.13031042,-0.13484883,-0.14190613,-0.1508855,-0.15344982,-0.15053971,-0.13700013,-0.12124387,-0.10133555,-0.083548754,-0.06686861,-0.058110915,-0.053660627,-0.03459218,-0.013090318,0.005513822,0.01759902,0.02829038,0.034846183,0.027401235,0.01531101,-0.007848783,-0.06019339,-0.14471412,-0.22818221,-0.3305849,-0.42109978,-0.50187665,-0.5686237,-0.6177179,-0.65819985,-0.69192624,-0.71965176,-0.7427025,-0.76168,-0.77469784,-0.7868183,-0.79650587,-0.80368507,-0.8090618,-0.81442034,-0.81779665,-0.8200878,-0.8226333,-0.82491016,-0.8268895,-0.8277323,-0.82887053,-0.83243346,-0.8328261,-0.8324808,-0.8337114,-0.83378184,-0.83435637,-0.8346537,-0.83471,-0.8353734,-0.83590937,-0.8365382,-0.83685887,-0.83676404,-0.8369882,-0.83780754,-0.8383828,-0.8389161,-0.8393115,-0.8394821,-0.84037703,-0.83969736,-0.8402707,-0.8400429,-0.83962476,-0.84048235,-0.8402261,-0.84087116,-0.84087145,-0.8411768,-0.84043854,-0.8414021,-0.8422787,-0.8414118,-0.84252673,-0.8426237,-0.84261376,-0.84247863,-0.8434725,-0.8422434,-0.84375626,-0.84333754,-0.8421568,-0.84385324,-0.8429944,-0.84156185,-0.84297365,-0.84175605,-0.84490585,-0.84074664,-0.8437693,-0.8443233,-0.8437271,-0.8420733,-0.842478,-0.83998436,-0.8422694,-0.8401774,-0.8428795,-0.8387216,-0.84382886,-0.84131086,-0.84430784,-0.84258926,-0.84294885,-0.83571386,-0.84149355,-0.8405513,-0.836686,-0.82976174,-0.834617,-0.8364091,-0.8366701,-0.83091974,-0.8379756,-0.8349214,-0.8383873,-0.8337314,-0.83477724,-0.8387041,-0.799765
417.52,-0.44429487,-0.29396734,-0.19926973,-0.14341767,-0.08148964,-0.047255795,-0.017547525,0.0,0.009837344,0.021534596,0.01767771,0.0195573,0.04108832,0.0662605,0.08123615,0.097387895,0.11006795,0.11924209,0.1282412,0.12797917,0.12879586,0.12993725,0.13358247,0.13269863,0.13166265,0.13665001,0.13988587,0.14179088,0.14776419,0.14644995,0.13771804,0.13429235,0.13759409,0.13557854,0.1270411,0.11293485,0.094883546,0.078378834,0.058986925,0.03333377,0.006263575,-0.0267314,-0.051227443,-0.07232144,-0.092655145,-0.11161393,-0.11878673,-0.12805536,-0.13302985,-0.13655171,-0.13761826,-0.1405622,-0.14325845,-0.14576396,-0.14908917,-0.1521557,-0.15009631,-0.14729126,-0.14372289,-0.13691258,-0.13178238,-0.12725183,-0.12310406,-0.11897352,-0.11730837,-0.12437134,-0.1268893,-0.12763895,-0.13215908,-0.13963947,-0.14465843,-0.1485619,-0.14947157,-0.15043655,-0.14966801,-0.15123887,-0.14750236,-0.15203409,-0.15906669,-0.16800922,-0.1705691,-0.16767018,-0.15420124,-0.13851021,-0.11867761,-0.100940675,-0.0842915,-0.07555084,-0.07111075,-0.052055378,-0.030552436,-0.011942812,0.00015529874,0.010857275,0.017422037,0.009947964,-0.0021533908,-0.025340538,-0.07764781,-0.1618885,-0.2447987,-0.34621197,-0.43552148,-0.5149522,-0.5804119,-0.62844104,-0.66796964,-0.70086294,-0.7278751,-0.7503122,-0.7687722,-0.7814326,-0.7932115,-0.802629,-0.8096028,-0.8148241,-0.82003486,-0.82330936,-0.8255372,-0.8280128,-0.83022773,-0.8321548,-0.8329725,-0.8340802,-0.8375468,-0.8379341,-0.8375989,-0.8387985,-0.83886814,-0.8394213,-0.83971584,-0.83976656,-0.84041893,-0.84093773,-0.8415521,-0.841857,-0.8417659,-0.84198815,-0.8427837,-0.84334415,-0.8438628,-0.84424496,-0.8444101,-0.84528023,-0.844622,-0.8451826,-0.8449608,-0.84455246,-0.8453824,-0.845142,-0.8457685,-0.8457641,-0.8460635,-0.84534717,-0.84628326,-0.8471361,-0.8462942,-0.8473786,-0.84746706,-0.8474594,-0.84733117,-0.8483019,-0.8471005,-0.8485732,-0.8481625,-0.8470147,-0.8486676,-0.8478319,-0.8464344,-0.8478045,-0.84661895,-0.84967893,-0.845631,-0.84857494,-0.8491123,-0.8485344,-0.84694034,-0.84733444,-0.8448999,-0.8470915,-0.84507346,-0.84767354,-0.8436423,-0.848602,-0.8461736,-0.84909326,-0.8474212,-0.84776014,-0.84072787,-0.84633964,-0.84544027,-0.8416879,-0.8349777,-0.8396977,-0.84142864,-0.8416762,-0.8360799,-0.84294814,-0.8399776,-0.8433213,-0.8388053,-0.83983904,-0.84365827,-0.8056929
420.40,-0.45212644,-0.30296564,-0.208664,-0.15301105,-0.09124503,-0.05706628,-0.02737722,-0.009837344,0.0,0.011701141,0.0078422595,0.0097235115,0.031267196,0.056463785,0.071460895,0.08764269,0.10034836,0.109547846,0.11856317,0.11831407,0.11914709,0.12029214,0.123940185,0.12306393,0.12201723,0.12702541,0.13027863,0.13218477,0.13818015,0.13686435,0.12811145,0.12467139,0.1280012,0.1259867,0.117419094,0.10326761,0.08519087,0.06865928,0.049241155,0.023574194,-0.0035056553,-0.036489964,-0.060955804,-0.08201419,-0.102300346,-0.12121997,-0.12836295,-0.13760681,-0.14256154,-0.14607325,-0.14713418,-0.15006992,-0.15275623,-0.15525393,-0.15857178,-0.16163842,-0.15958667,-0.1567953,-0.1532443,-0.14645962,-0.14135465,-0.13684404,-0.13271661,-0.12860098,-0.12694488,-0.13399814,-0.13651922,-0.13727167,-0.14178292,-0.14924785,-0.15425181,-0.15814972,-0.15906112,-0.16002207,-0.15926017,-0.16082378,-0.15709494,-0.16161914,-0.16863404,-0.17754579,-0.18009137,-0.17720641,-0.16377868,-0.14813212,-0.12834693,-0.11065274,-0.09403207,-0.08530376,-0.08087159,-0.061837833,-0.04034948,-0.02174768,-0.009643519,0.0010591395,0.007625334,0.00014193327,-0.011961413,-0.035148334,-0.08741374,-0.17145751,-0.2540103,-0.35479286,-0.44336563,-0.5220137,-0.5867459,-0.6341832,-0.6732007,-0.70564973,-0.7322898,-0.75440323,-0.7725868,-0.78505945,-0.7966569,-0.80593365,-0.81280166,-0.81793743,-0.8230697,-0.826295,-0.82848805,-0.8309271,-0.8331056,-0.8350079,-0.8358137,-0.83691376,-0.8403291,-0.84070706,-0.840378,-0.8415569,-0.84162736,-0.8421725,-0.8424614,-0.8425161,-0.84315294,-0.843664,-0.8442703,-0.8445737,-0.844485,-0.8447025,-0.8454853,-0.8460376,-0.84654963,-0.846926,-0.84709185,-0.84794813,-0.84729475,-0.8478488,-0.8476274,-0.84722406,-0.84804744,-0.84780645,-0.84842545,-0.8484244,-0.8487223,-0.8480116,-0.84893423,-0.84977573,-0.848945,-0.8500116,-0.8501026,-0.85009295,-0.8499651,-0.85091436,-0.8497405,-0.8511882,-0.85078686,-0.84965074,-0.8512796,-0.85045654,-0.8490893,-0.85043895,-0.8492734,-0.8522759,-0.84829694,-0.85119975,-0.8517245,-0.8511602,-0.8495747,-0.8499659,-0.847584,-0.849759,-0.847775,-0.85033983,-0.84636796,-0.85125595,-0.8488684,-0.8517468,-0.85008425,-0.85041636,-0.8435021,-0.84901696,-0.8481172,-0.8444326,-0.8378219,-0.84245586,-0.8441785,-0.84442717,-0.838913,-0.84567195,-0.8427474,-0.8460294,-0.8416118,-0.8426247,-0.8463851,-0.80907005
423.29,-0.461007,-0.31336144,-0.21972889,-0.164337,-0.10280119,-0.0687059,-0.03906325,-0.021534596,-0.011701141,0.0,-0.0038619097,-0.001979555,0.019575227,0.044803303,0.059828572,0.07604665,0.08880526,0.09803371,0.107093774,0.10683989,0.10766981,0.10882918,0.11248908,0.11160368,0.11056413,0.115608335,0.11886137,0.12078489,0.1268006,0.12548038,0.11669159,0.11324533,0.11658477,0.11456579,0.10597276,0.09177997,0.07365732,0.057092115,0.03766252,0.011990116,-0.015074969,-0.04801172,-0.072398454,-0.09337639,-0.113579065,-0.13240083,-0.13949358,-0.1486835,-0.15360416,-0.15708445,-0.15813951,-0.16105892,-0.16373415,-0.16621621,-0.16952683,-0.17259479,-0.17056364,-0.16780514,-0.1642888,-0.15755366,-0.1524972,-0.14803112,-0.14394145,-0.13985321,-0.13821916,-0.14526132,-0.14778377,-0.14854982,-0.1530553,-0.1605012,-0.16549514,-0.16939095,-0.17030568,-0.17127857,-0.17052592,-0.17209458,-0.16838391,-0.17289764,-0.17988542,-0.18876898,-0.19131574,-0.18844436,-0.17507572,-0.15950182,-0.13978645,-0.12214429,-0.105562285,-0.09685348,-0.09243866,-0.073434055,-0.05196599,-0.03337659,-0.021284482,-0.010580004,-0.0040158024,-0.011502469,-0.023612723,-0.046791412,-0.09896648,-0.18273963,-0.26486266,-0.3649003,-0.45260948,-0.53033465,-0.5941963,-0.64093804,-0.6793413,-0.7112642,-0.73743486,-0.75915956,-0.77701765,-0.7892599,-0.8006463,-0.8097513,-0.8164886,-0.82153404,-0.8265695,-0.82973444,-0.8318884,-0.83428276,-0.8364228,-0.83829063,-0.8390793,-0.8401512,-0.8435099,-0.8438911,-0.84356374,-0.8447233,-0.844792,-0.8453333,-0.8456137,-0.84566796,-0.8462946,-0.8467955,-0.84739166,-0.8476901,-0.8475991,-0.84781826,-0.8485893,-0.84913194,-0.8496277,-0.8499996,-0.8501596,-0.850999,-0.8503652,-0.8509052,-0.85068834,-0.8502984,-0.8511058,-0.8508693,-0.8514779,-0.8514762,-0.8517589,-0.85107034,-0.85197335,-0.85279983,-0.8519844,-0.85302997,-0.8531175,-0.8531103,-0.85298735,-0.85392106,-0.8527653,-0.8541899,-0.8537886,-0.8526741,-0.85426986,-0.85346544,-0.8521156,-0.8534476,-0.85229796,-0.8552569,-0.8513492,-0.85419255,-0.85470563,-0.8541519,-0.852608,-0.85298264,-0.8506332,-0.8527446,-0.8508039,-0.8533022,-0.8494462,-0.8542222,-0.8518764,-0.8546972,-0.85309213,-0.85341555,-0.8466123,-0.8520347,-0.85117865,-0.8475498,-0.84107035,-0.84563875,-0.8473013,-0.8475362,-0.8421185,-0.84876454,-0.84590435,-0.849132,-0.8447535,-0.84576494,-0.84946424,-0.8127227
426.19,-0.45807385,-0.3099032,-0.21610174,-0.16060874,-0.0989838,-0.064872704,-0.035210963,-0.01767771,-0.0078422595,0.0038619097,0.0,0.0018815994,0.023438819,0.048663605,0.063682236,0.07990169,0.09264443,0.101867154,0.11091444,0.11065895,0.11150547,0.11264885,0.1163153,0.11542588,0.11438469,0.11940781,0.12267373,0.12459388,0.13061434,0.12928171,0.120501064,0.11705214,0.120396204,0.11837471,0.10977972,0.09560936,0.07748135,0.060925826,0.041495036,0.01581549,-0.01125598,-0.04421176,-0.068617895,-0.08962021,-0.1098453,-0.12869202,-0.13579452,-0.14500347,-0.14993009,-0.1534198,-0.15447491,-0.15739632,-0.16007334,-0.1625607,-0.16587141,-0.16893795,-0.16690785,-0.16413689,-0.16061407,-0.15386528,-0.14880088,-0.14432421,-0.14022104,-0.13612571,-0.1344858,-0.14154072,-0.14406493,-0.14482647,-0.14933498,-0.15678895,-0.16178556,-0.16568424,-0.166602,-0.16757017,-0.16681553,-0.16838478,-0.16467169,-0.16919218,-0.17619939,-0.18509592,-0.1876446,-0.18477482,-0.17138763,-0.15579376,-0.1360571,-0.11840087,-0.101802886,-0.09308985,-0.088667735,-0.06964665,-0.048167102,-0.029569708,-0.017468786,-0.0067595565,-0.00019744886,-0.0076847402,-0.019797439,-0.04298421,-0.095203266,-0.17907324,-0.26134253,-0.36159492,-0.44957054,-0.5275582,-0.59166163,-0.6385948,-0.67718804,-0.70926106,-0.7355798,-0.7574333,-0.7753886,-0.78770334,-0.7991582,-0.8083174,-0.8150995,-0.8201775,-0.82524514,-0.82843626,-0.8306053,-0.83301663,-0.835172,-0.83705395,-0.83785504,-0.8389392,-0.8423239,-0.84270865,-0.8423812,-0.8435496,-0.84361917,-0.84416527,-0.84444994,-0.8445059,-0.8451369,-0.8456423,-0.846246,-0.8465445,-0.8464582,-0.8466742,-0.8474492,-0.847996,-0.84850055,-0.84887725,-0.84903985,-0.84988225,-0.84924453,-0.8497925,-0.84956944,-0.84917915,-0.849991,-0.84974927,-0.8503647,-0.8503623,-0.8506519,-0.8499551,-0.85086805,-0.8516951,-0.8508806,-0.8519346,-0.8520198,-0.8520156,-0.8518876,-0.8528285,-0.8516634,-0.85309565,-0.85269606,-0.8515758,-0.8531808,-0.8523729,-0.85101765,-0.85235655,-0.85120314,-0.8541726,-0.8502438,-0.85312027,-0.8536268,-0.853064,-0.85151255,-0.8518955,-0.84954387,-0.85168076,-0.84973943,-0.8522507,-0.8483507,-0.85317737,-0.85082066,-0.8536617,-0.8520173,-0.8523453,-0.84551865,-0.85097,-0.85009056,-0.84643704,-0.83990514,-0.8445096,-0.84618664,-0.8464282,-0.84097815,-0.84767073,-0.84477645,-0.8480475,-0.843645,-0.84465003,-0.8483667,-0.8114671
429.08,-0.45949453,-0.31153044,-0.21782185,-0.16240834,-0.100822516,-0.06673128,-0.03708067,-0.0195573,-0.0097235115,0.001979555,-0.0018815994,0.0,0.02155635,0.046786413,0.061810806,0.07802763,0.09078836,0.10000784,0.10906487,0.1088091,0.10964577,0.11079397,0.11446259,0.11357784,0.11254123,0.11756373,0.12083317,0.122760326,0.1287802,0.1274601,0.11866659,0.11520952,0.11855358,0.11653152,0.10793231,0.09374805,0.07562085,0.059055217,0.03961667,0.013938158,-0.013133408,-0.04607402,-0.07046636,-0.09144392,-0.11165205,-0.13047598,-0.13756369,-0.1467614,-0.15168294,-0.15516415,-0.15621653,-0.15913624,-0.16180794,-0.16428967,-0.16760525,-0.17067383,-0.16864227,-0.16588297,-0.1623657,-0.15563445,-0.15057555,-0.14611301,-0.14202228,-0.13793448,-0.1363001,-0.1433577,-0.14588821,-0.1466495,-0.15115614,-0.15860417,-0.16360582,-0.16750717,-0.16842438,-0.16939414,-0.16864683,-0.17021379,-0.16651022,-0.17102814,-0.17804094,-0.18693691,-0.18948166,-0.18661603,-0.17324215,-0.15766545,-0.13794258,-0.120294325,-0.10370142,-0.09499277,-0.09057176,-0.07155528,-0.05007726,-0.031479746,-0.019378496,-0.008668362,-0.0020996255,-0.009587821,-0.02170528,-0.044893388,-0.0971099,-0.18092927,-0.26310712,-0.36322606,-0.4510246,-0.52883476,-0.59278053,-0.6395866,-0.6780631,-0.71004397,-0.7362874,-0.7580714,-0.7759755,-0.7882475,-0.7996739,-0.8088047,-0.8155681,-0.8206288,-0.82568467,-0.82886803,-0.8310312,-0.8334388,-0.8355924,-0.8374721,-0.83827376,-0.83935773,-0.8427335,-0.8431158,-0.84279394,-0.84396225,-0.84403545,-0.8445792,-0.84486496,-0.84491765,-0.84554964,-0.84605765,-0.8466582,-0.8469584,-0.84686875,-0.8470871,-0.84786135,-0.84840775,-0.8489118,-0.84928817,-0.8494504,-0.85029185,-0.8496544,-0.85020036,-0.849975,-0.8495915,-0.85039985,-0.8501581,-0.85077137,-0.85076994,-0.85105926,-0.85036486,-0.85127854,-0.852103,-0.85128635,-0.85233927,-0.85242754,-0.85241896,-0.8522967,-0.8532372,-0.85207546,-0.85350263,-0.85309863,-0.85198337,-0.85359055,-0.85278195,-0.85143095,-0.85276943,-0.85161185,-0.8545763,-0.85065967,-0.85352385,-0.8540338,-0.8534706,-0.85192627,-0.85230994,-0.8499612,-0.8520846,-0.85016066,-0.852686,-0.848774,-0.8535831,-0.8512361,-0.85407674,-0.8524306,-0.8527589,-0.8459551,-0.8513821,-0.85051554,-0.84688365,-0.8403582,-0.84494334,-0.8466104,-0.8468557,-0.8414232,-0.8480968,-0.8452149,-0.84845966,-0.8440884,-0.8450914,-0.84881246,-0.8120047
431.97,-0.4758788,-0.33055618,-0.23807538,-0.18320426,-0.12206543,-0.088132784,-0.05857623,-0.04108832,-0.031267196,-0.019575227,-0.023438819,-0.02155635,0.0,0.025258962,0.04032342,0.056605928,0.0694149,0.07869661,0.087812565,0.08755695,0.088408716,0.08957448,0.09326039,0.09237858,0.091335036,0.09640639,0.099686585,0.101629406,0.107703894,0.106372274,0.09752427,0.0940547,0.09742895,0.095399916,0.08676104,0.072519645,0.05430919,0.037696157,0.018233815,-0.007446871,-0.034491118,-0.067339905,-0.09160834,-0.1124517,-0.13250077,-0.15117112,-0.15816988,-0.16728435,-0.17214616,-0.1755878,-0.1766297,-0.17951864,-0.18216227,-0.18462834,-0.18792093,-0.19098444,-0.1889945,-0.18628688,-0.18283007,-0.17618378,-0.17120273,-0.16680595,-0.16277759,-0.15873842,-0.15714513,-0.16418214,-0.16671458,-0.16749522,-0.1719829,-0.17940079,-0.18437941,-0.18827304,-0.18919349,-0.1901791,-0.18945219,-0.19102173,-0.18735643,-0.19185024,-0.19880925,-0.20763887,-0.2101783,-0.20733811,-0.1940799,-0.17860745,-0.15901858,-0.14146908,-0.12496132,-0.116294265,-0.111888334,-0.09293678,-0.07151005,-0.052937385,-0.040852442,-0.030150138,-0.023585662,-0.031083528,-0.043198563,-0.06636439,-0.118410066,-0.20171742,-0.28309804,-0.3818254,-0.46805307,-0.54418504,-0.6065456,-0.65208197,-0.68943113,-0.7204317,-0.7458372,-0.76691467,-0.784214,-0.79606897,-0.80709976,-0.8159186,-0.8224456,-0.82733124,-0.8322108,-0.8352792,-0.83737093,-0.8396912,-0.8417711,-0.8435862,-0.84435946,-0.8454044,-0.8486671,-0.84903955,-0.8487315,-0.84985965,-0.84992963,-0.85045594,-0.8507317,-0.85078716,-0.8513969,-0.8518865,-0.8524668,-0.85275495,-0.85266984,-0.8528813,-0.8536277,-0.8541554,-0.85464734,-0.85500413,-0.8551623,-0.85597295,-0.85535866,-0.8558858,-0.8556671,-0.8552992,-0.8560808,-0.8558484,-0.85644066,-0.8564398,-0.8567191,-0.85604703,-0.8569287,-0.8577257,-0.85693717,-0.85795563,-0.8580331,-0.85802996,-0.8579098,-0.85881895,-0.85769624,-0.8590734,-0.8586827,-0.85760576,-0.85915613,-0.8583782,-0.85706913,-0.85836005,-0.8572541,-0.8601028,-0.85632247,-0.85908353,-0.8595771,-0.8590396,-0.85754347,-0.8579136,-0.8556471,-0.8576812,-0.85579234,-0.85823524,-0.8544933,-0.8591286,-0.85683644,-0.85959363,-0.85801923,-0.8583376,-0.8517637,-0.85700804,-0.85618263,-0.8526673,-0.8463786,-0.85080403,-0.85239786,-0.8526435,-0.8474003,-0.85384125,-0.85107136,-0.85420895,-0.8499509,-0.8509514,-0.8545184,-0.8188805
434.87,-0.49473596,-0.35254782,-0.26153922,-0.20733717,-0.14675511,-0.11307051,-0.08367252,-0.0662605,-0.056463785,-0.044803303,-0.048663605,-0.046786413,-0.025258962,0.0,0.015081055,0.03140376,0.044259388,0.053585652,0.06275253,0.062503986,0.06335945,0.06453738,0.068245456,0.06736046,0.066321686,0.07142162,0.0747298,0.07668736,0.08280721,0.08148442,0.072580725,0.069093406,0.0724929,0.07046471,0.061782658,0.047481593,0.029221736,0.012581729,-0.0068882857,-0.03254593,-0.059530906,-0.092245355,-0.11635138,-0.13701704,-0.15688302,-0.17535576,-0.18225063,-0.19126181,-0.19605954,-0.19944711,-0.20047289,-0.20332566,-0.20593707,-0.20836842,-0.21164468,-0.21469562,-0.21274391,-0.21008776,-0.20669973,-0.20015034,-0.19526277,-0.19094433,-0.18698289,-0.18300384,-0.18144253,-0.18844393,-0.19097792,-0.1917578,-0.19622475,-0.20358583,-0.20852657,-0.21239944,-0.21331891,-0.21430421,-0.21359114,-0.2151524,-0.21152359,-0.21599163,-0.22288273,-0.2316283,-0.23413901,-0.23132955,-0.21821952,-0.20290573,-0.18348914,-0.16608627,-0.14968972,-0.14107908,-0.13669871,-0.11784461,-0.096506305,-0.07800677,-0.06595069,-0.055270888,-0.048718102,-0.056215614,-0.06830809,-0.091407195,-0.14319782,-0.2257754,-0.3060794,-0.4030726,-0.48737183,-0.5614774,-0.6219778,-0.6660243,-0.702091,-0.7319782,-0.75644225,-0.7767201,-0.79334635,-0.80473685,-0.8153269,-0.82379514,-0.8300593,-0.8347485,-0.83943284,-0.84237903,-0.84438413,-0.8466119,-0.8486132,-0.85035646,-0.85110116,-0.85210526,-0.85524035,-0.8556025,-0.855307,-0.85638875,-0.85646075,-0.8569656,-0.8572312,-0.85728407,-0.85787004,-0.8583407,-0.8588997,-0.85917693,-0.85909325,-0.8592992,-0.8600157,-0.8605214,-0.8609933,-0.86133814,-0.8614869,-0.86226624,-0.86167794,-0.86218554,-0.8619768,-0.8616214,-0.862374,-0.8621504,-0.86271966,-0.8627163,-0.86298645,-0.86234194,-0.8631847,-0.86395156,-0.8631962,-0.8641685,-0.86425155,-0.8642439,-0.8641307,-0.86499995,-0.86392915,-0.8652472,-0.864876,-0.86383504,-0.8653266,-0.86458004,-0.86332256,-0.8645598,-0.863502,-0.8662354,-0.86260587,-0.8652538,-0.8657315,-0.86521554,-0.8637815,-0.86413974,-0.8619588,-0.8639046,-0.86209714,-0.8644394,-0.8608638,-0.86529124,-0.8631013,-0.86574554,-0.86423767,-0.86453855,-0.858239,-0.8632592,-0.86246604,-0.85910976,-0.85307986,-0.8573221,-0.8588504,-0.85907686,-0.8540515,-0.8602431,-0.85758674,-0.8605813,-0.8565071,-0.8574533,-0.8608804,-0.8266332
437.76,-0.50576264,-0.36546662,-0.27538377,-0.2216067,-0.16141151,-0.12788412,-0.098590635,-0.08123615,-0.071460895,-0.059828572,-0.063682236,-0.061810806,-0.04032342,-0.015081055,0.0,0.016334753,0.029204957,0.038545355,0.047733814,0.04748608,0.048347414,0.04952957,0.053245418,0.052360356,0.051320318,0.05644022,0.059754483,0.061718702,0.067858145,0.0665321,0.05760665,0.05411466,0.05752848,0.055492084,0.046800435,0.032485597,0.014212383,-0.0024235786,-0.021870473,-0.047470234,-0.07437404,-0.106956184,-0.13091902,-0.15144269,-0.1711598,-0.18949206,-0.19631167,-0.20524892,-0.20999227,-0.21334803,-0.21436334,-0.2171905,-0.21977702,-0.22219168,-0.22545236,-0.22849767,-0.22657458,-0.22396122,-0.22061576,-0.21414259,-0.20932229,-0.20506012,-0.20114613,-0.19721353,-0.19568224,-0.20267019,-0.2052051,-0.20599473,-0.21044354,-0.21777108,-0.22269134,-0.22654365,-0.22747715,-0.22847064,-0.22776906,-0.22933279,-0.22573455,-0.23018375,-0.2370381,-0.24571802,-0.24822247,-0.24544021,-0.23243017,-0.21722184,-0.19794369,-0.18064643,-0.16433483,-0.15577,-0.1514248,-0.13264494,-0.111387275,-0.09293504,-0.08091538,-0.07026015,-0.06372128,-0.07121031,-0.08328013,-0.106323,-0.15790468,-0.2399654,-0.31955898,-0.41545007,-0.49855274,-0.57146204,-0.630848,-0.6740401,-0.70935684,-0.7386055,-0.7625322,-0.7823496,-0.7985901,-0.80971026,-0.8200528,-0.8283195,-0.8344333,-0.83900815,-0.8435815,-0.84645873,-0.84841806,-0.85059273,-0.85254747,-0.85425186,-0.85498124,-0.8559614,-0.8590218,-0.85937667,-0.85909045,-0.86014944,-0.8602189,-0.86071473,-0.8609754,-0.861028,-0.86160076,-0.86206007,-0.8626046,-0.8628736,-0.86279356,-0.8629983,-0.8636944,-0.8641899,-0.86465156,-0.8649861,-0.8651316,-0.8658935,-0.8653226,-0.8658174,-0.8656093,-0.8652675,-0.8659999,-0.8657817,-0.8663379,-0.8663332,-0.8665978,-0.86597216,-0.86679256,-0.8675404,-0.86680424,-0.86775285,-0.86783236,-0.867829,-0.8677158,-0.86856633,-0.86752033,-0.8688057,-0.8684433,-0.86743087,-0.86888796,-0.8681535,-0.8669319,-0.868134,-0.86710715,-0.8697719,-0.86623085,-0.86881804,-0.8692771,-0.8687829,-0.8673802,-0.8677262,-0.8655997,-0.86749864,-0.8657472,-0.86802614,-0.86453354,-0.86885566,-0.86672044,-0.86930007,-0.86783034,-0.86812884,-0.8619856,-0.8668791,-0.86611086,-0.8628449,-0.8569609,-0.8610928,-0.86258113,-0.86280626,-0.85790193,-0.8639333,-0.86133987,-0.8642725,-0.86028826,-0.86121505,-0.8645763,-0.831145
440.66,-0.51726097,-0.3790764,-0.29011834,-0.23686694,-0.17710693,-0.14379838,-0.114654616,-0.097387895,-0.08764269,-0.07604665,-0.07990169,-0.07802763,-0.056605928,-0.03140376,-0.016334753,0.0,0.012879398,0.022235842,0.031440508,0.031199334,0.032066625,0.03325086,0.036978077,0.03609386,0.03505423,0.040183194,0.04351101,0.04548606,0.05165351,0.050324865,0.041376244,0.037874147,0.041304275,0.039269645,0.030557675,0.016223904,-0.0020668975,-0.018701432,-0.03813147,-0.0636856,-0.09051533,-0.12296839,-0.1467846,-0.16716339,-0.18673795,-0.2049081,-0.21164948,-0.22050719,-0.22520508,-0.22852607,-0.22952372,-0.2323213,-0.234885,-0.23728333,-0.2405219,-0.24355477,-0.24166305,-0.23908527,-0.23579487,-0.22939372,-0.22464144,-0.22043726,-0.21657574,-0.21269408,-0.2111922,-0.21814866,-0.22068334,-0.22147992,-0.22591063,-0.23319614,-0.23808654,-0.2419302,-0.24286506,-0.24385585,-0.24317849,-0.24473499,-0.24117659,-0.2456051,-0.2523987,-0.26101664,-0.26350045,-0.2607426,-0.24785274,-0.23276931,-0.21361725,-0.19642659,-0.1802119,-0.17168882,-0.16736338,-0.1486629,-0.12749054,-0.10910653,-0.09711236,-0.086483486,-0.07995645,-0.08743176,-0.09947373,-0.12244348,-0.17379695,-0.25531185,-0.33417428,-0.42885652,-0.5106711,-0.58224,-0.64040524,-0.68263185,-0.7171181,-0.745639,-0.7689595,-0.7882714,-0.80407983,-0.8149121,-0.8249747,-0.8330229,-0.838971,-0.8434219,-0.84787226,-0.8506751,-0.85258096,-0.854698,-0.8566046,-0.8582658,-0.85897845,-0.8599363,-0.8629144,-0.86326605,-0.86298954,-0.86402106,-0.86409,-0.8645744,-0.86482966,-0.8648816,-0.86544096,-0.86588675,-0.8664189,-0.86667955,-0.8666033,-0.8668034,-0.8674819,-0.86796504,-0.8684167,-0.86874145,-0.8688838,-0.86962485,-0.8690678,-0.8695523,-0.8693487,-0.8690139,-0.86973035,-0.8695177,-0.87006104,-0.87005556,-0.8703135,-0.8697016,-0.87050325,-0.871231,-0.870515,-0.87143916,-0.871514,-0.8715098,-0.871408,-0.87223077,-0.871214,-0.8724643,-0.87210906,-0.87112486,-0.87254274,-0.8718321,-0.8706424,-0.8718097,-0.87081283,-0.873402,-0.86995333,-0.87246674,-0.8729193,-0.87243706,-0.8710779,-0.8714147,-0.8693472,-0.87118036,-0.86946523,-0.871682,-0.86829543,-0.8725007,-0.8704214,-0.8729371,-0.8715095,-0.8717877,-0.8658223,-0.87057906,-0.86982805,-0.86665106,-0.8609338,-0.8649617,-0.86639017,-0.86663055,-0.86183816,-0.8677259,-0.8651954,-0.86805165,-0.8641621,-0.8650719,-0.86832595,-0.83571744
