,397.32,400.20,403.09,405.97,408.85,411.74,414.63,417.52,420.40,423.29,426.19,429.08,431.97,434.87,437.76,440.66,443.56,446.45,449.35,452.25,455.16,458.06,460.96,463.87,466.77,469.68,472.59,475.50,478.41,481.32,484.23,487.14,490.06,492.97,495.89,498.80,501.72,504.64,507.56,510.48,513.40,516.33,519.25,522.18,525.10,528.03,530.96,533.89,536.82,539.75,542.68,545.62,548.55,551.49,554.43,557.36,560.30,563.24,566.18,569.12,572.07,575.01,577.96,580.90,583.85,586.80,589.75,592.70,595.65,598.60,601.55,604.51,607.46,610.42,613.38,616.34,619.30,622.26,625.22,628.18,631.15,634.11,637.08,640.04,643.01,645.98,648.95,651.92,654.89,657.87,660.84,663.81,666.79,669.77,672.75,675.73,678.71,681.69,684.67,687.65,690.64,693.62,696.61,699.60,702.58,705.57,708.57,711.56,714.55,717.54,720.54,723.53,726.53,729.53,732.53,735.53,738.53,741.53,744.53,747.54,750.54,753.55,756.56,759.56,762.57,765.58,768.60,771.61,774.62,777.64,780.65,783.67,786.68,789.70,792.72,795.74,798.77,801.79,804.81,807.84,810.86,813.89,816.92,819.95,822.98,826.01,829.04,832.07,835.11,838.14,841.18,844.22,847.25,850.29,853.33,856.37,859.42,862.46,865.50,868.55,871.60,874.64,877.69,880.74,883.79,886.84,889.90,892.95,896.01,899.06,902.12,905.18,908.24,911.30,914.36,917.42,920.48,923.55,926.61,929.68,932.74,935.81,938.88,941.95,945.02,948.10,951.17,954.24,957.32,960.40,963.47,966.55,969.63,972.71,975.79,978.88,981.96,985.05,988.13,991.22,994.31,997.40,1000.49,1003.58
397.32,0.0,0.13773508,0.21572722,0.2758515,0.32173592,0.3567289,0.3762687,0.39373022,0.39863333,0.41144115,0.41456488,0.41597512,0.43723497,0.46117994,0.4644165,0.47220972,0.4784302,0.48119476,0.48124394,0.47726554,0.47514257,0.4771443,0.4788095,0.4796653,0.48013118,0.48162675,0.48370028,0.48226422,0.48156154,0.48132235,0.47435004,0.46822083,0.4625899,0.44940633,0.43257213,0.40435964,0.37110633,0.33182952,0.28552935,0.23278485,0.17740214,0.115540504,0.05692972,0.0059366226,-0.038906932,-0.076292135,-0.10126341,-0.120624214,-0.13124192,-0.1403282,-0.14498709,-0.1502992,-0.1538897,-0.15593609,-0.1532353,-0.14686738,-0.1348588,-0.119992405,-0.0993415,-0.07662893,-0.050047286,-0.02675571,-0.004958029,0.014796963,0.030925294,0.042161357,0.0535557,0.06328563,0.071021214,0.07564441,0.083186835,0.092648156,0.10579479,0.122258954,0.13833287,0.15392448,0.16674791,0.17424509,0.17868093,0.17919923,0.18426996,0.19204904,0.2097043,0.23061554,0.25661415,0.28157726,0.30112618,0.31615672,0.32564792,0.3492786,0.3763859,0.40204677,0.4207587,0.43425035,0.4402201,0.43671045,0.42636216,0.4002143,0.34950256,0.26472214,0.16867585,0.058338933,-0.046568066,-0.14207609,-0.22314814,-0.28761998,-0.34169534,-0.38798708,-0.4281684,-0.4619405,-0.48884293,-0.5094488,-0.5273077,-0.5417008,-0.5528378,-0.5609028,-0.56651497,-0.5719302,-0.57444483,-0.57742155,-0.57931197,-0.5817165,-0.58134305,-0.5848508,-0.58910996,-0.58698934,-0.5846589,-0.58576363,-0.58452433,-0.58526146,-0.58398944,-0.5852482,-0.5848072,-0.5864844,-0.5857959,-0.5862052,-0.58590436,-0.58689904,-0.5865142,-0.58748585,-0.5885359,-0.5885297,-0.5887613,-0.590496,-0.58913565,-0.5899801,-0.5890817,-0.5918676,-0.5905332,-0.58932024,-0.58991987,-0.5902989,-0.5911228,-0.58998424,-0.589696,-0.59158504,-0.58892345,-0.591605,-0.5885005,-0.593308,-0.59219086,-0.59070474,-0.5929539,-0.59229654,-0.59059936,-0.5934609,-0.5925049,-0.5914048,-0.5898613,-0.5909877,-0.5965324,-0.59510064,-0.5952453,-0.5945553,-0.5871621,-0.5866762,-0.5922245,-0.5920261,-0.5871826,-0.58449847,-0.59197354,-0.60646766,-0.58896416,-0.59786737,-0.5969147,-0.602439,-0.5978367,-0.57705534,-0.5849386,-0.5745488,-0.57223594,-0.5842065,-0.5657052,-0.57786787,-0.58428186,-0.58462536,-0.5697193,-0.5863811,-0.58212376,-0.5899884,-0.5788216,-0.58482754,-0.5933685,-0.42485392
400.20,-0.13773508,0.0,0.080571644,0.14396529,0.19319029,0.23120354,0.25258413,0.27182344,0.27718303,0.29144397,0.29486182,0.29642954,0.32016808,0.34711805,0.35076678,0.35962304,0.3667304,0.36997607,0.37011442,0.3656874,0.3632967,0.3656091,0.36751243,0.36850277,0.3690482,0.37073603,0.37314102,0.3715579,0.37080768,0.37056953,0.3626831,0.3557639,0.34945852,0.33467782,0.31593406,0.28462702,0.24809478,0.20540224,0.15569669,0.099845946,0.04209754,-0.02133946,-0.08040638,-0.13102995,-0.17495042,-0.21114561,-0.23510757,-0.25357604,-0.26365778,-0.27226424,-0.27666318,-0.28167886,-0.28506184,-0.28698525,-0.28444126,-0.27843416,-0.2670697,-0.25294846,-0.23323451,-0.21142317,-0.18571697,-0.16303447,-0.14167458,-0.12220018,-0.10622305,-0.09505993,-0.08369755,-0.073964745,-0.06620739,-0.06156374,-0.053982638,-0.0444445,-0.031153979,-0.014433994,0.0019699044,0.017934855,0.03111598,0.038847964,0.043420438,0.04394432,0.0491932,0.057245973,0.075647056,0.09750355,0.12487932,0.15134066,0.17219631,0.18828765,0.19842638,0.2239668,0.25351876,0.28166535,0.30226585,0.31724262,0.32386887,0.3198968,0.3083628,0.2794078,0.22391225,0.13301398,0.032732356,-0.07921572,-0.18252894,-0.27402598,-0.34982106,-0.40889943,-0.45763326,-0.4987836,-0.53407913,-0.5634394,-0.58661175,-0.60426563,-0.61947703,-0.631687,-0.64109826,-0.6478979,-0.6526171,-0.6571701,-0.65927404,-0.66176665,-0.66335315,-0.66537344,-0.66505396,-0.66800034,-0.67158085,-0.669792,-0.66783017,-0.6687668,-0.6677249,-0.66834134,-0.66727054,-0.6683313,-0.66795504,-0.66936296,-0.66877687,-0.66912144,-0.6688659,-0.6697025,-0.66937566,-0.67018515,-0.6710748,-0.671068,-0.67125267,-0.67271024,-0.67156625,-0.67228234,-0.6715199,-0.6738668,-0.67274773,-0.67172366,-0.6722266,-0.67254436,-0.67323494,-0.6722714,-0.6720348,-0.67361057,-0.67138207,-0.6736318,-0.6710306,-0.6750528,-0.6741224,-0.6728644,-0.67475677,-0.6742008,-0.6727781,-0.6751814,-0.6743713,-0.6734514,-0.6721546,-0.6730835,-0.6777386,-0.67653507,-0.67665136,-0.6760648,-0.6698547,-0.6694628,-0.67413205,-0.6739687,-0.6698815,-0.6675898,-0.6737977,-0.6859385,-0.6713282,-0.67880034,-0.67798597,-0.6826377,-0.6788069,-0.66132617,-0.66802424,-0.6592774,-0.65733206,-0.6674359,-0.6518596,-0.6621109,-0.6674939,-0.66780084,-0.6552278,-0.66926646,-0.66567206,-0.6723037,-0.66284645,-0.6678891,-0.6750751,-0.5306712
403.09,-0.21572722,-0.080571644,0.0,0.06421025,0.11455578,0.15377949,0.17593691,0.19595842,0.20155755,0.21645127,0.21999975,0.2216484,0.24656355,0.27502596,0.27888405,0.2882758,0.29583386,0.29932687,0.29953364,0.2948897,0.29235226,0.29483554,0.2968607,0.29789984,0.29848927,0.30030066,0.30286768,0.30121535,0.30045202,0.30022582,0.2918761,0.28455353,0.27791277,0.2623372,0.24267524,0.2099051,0.17190824,0.12781204,0.076861635,0.020104649,-0.038035218,-0.10126761,-0.1595444,-0.2090532,-0.25167435,-0.28656334,-0.30955276,-0.32720447,-0.3368209,-0.34501827,-0.34919724,-0.35396665,-0.35718015,-0.35900554,-0.35658863,-0.350881,-0.34006405,-0.3265962,-0.3077421,-0.2868095,-0.26204368,-0.24010336,-0.21937023,-0.2004016,-0.1847988,-0.17387493,-0.16273433,-0.15317225,-0.1455403,-0.14096992,-0.1334991,-0.12408844,-0.11094847,-0.09437873,-0.07807582,-0.062174417,-0.04901491,-0.04128004,-0.03670674,-0.036186915,-0.030925846,-0.022851441,-0.0043350994,0.017709073,0.045442108,0.07234731,0.093637176,0.11010663,0.120480634,0.14677201,0.17734098,0.20657405,0.2280573,0.24372616,0.2506718,0.24648574,0.23438148,0.20412989,0.14656839,0.053481515,-0.047570303,-0.15847121,-0.25905553,-0.34675258,-0.41841066,-0.47365454,-0.5188287,-0.5566881,-0.5889579,-0.61566246,-0.6366494,-0.65258664,-0.6662828,-0.67724705,-0.6856883,-0.69177645,-0.6959941,-0.70006865,-0.70194453,-0.7041676,-0.70558673,-0.70739204,-0.70710707,-0.70974296,-0.7129358,-0.7113394,-0.7095829,-0.7104233,-0.70949054,-0.7100401,-0.7090775,-0.71003103,-0.7096859,-0.7109492,-0.71042204,-0.71072704,-0.7104962,-0.71124214,-0.71094584,-0.7116762,-0.7124673,-0.71246076,-0.7126195,-0.7139222,-0.71289986,-0.71353686,-0.712865,-0.7149646,-0.7139569,-0.71304536,-0.7134928,-0.7137774,-0.7143925,-0.71352524,-0.71331567,-0.7147229,-0.71273565,-0.7147391,-0.71241486,-0.71601015,-0.7151822,-0.71405226,-0.715751,-0.71524876,-0.7139748,-0.71612823,-0.7153956,-0.71457195,-0.71340024,-0.71423185,-0.7183923,-0.7173217,-0.71741873,-0.7168907,-0.71132356,-0.7109908,-0.715179,-0.7150304,-0.7113569,-0.7092658,-0.7147981,-0.7256387,-0.71259445,-0.71929544,-0.7185365,-0.7227178,-0.7193132,-0.7036719,-0.7096958,-0.7018566,-0.70012426,-0.7092137,-0.695273,-0.70446813,-0.70929325,-0.70953584,-0.6982785,-0.71085143,-0.7076183,-0.71354854,-0.70506936,-0.70956933,-0.7160123,-0.58538485
405.97,-0.2758515,-0.14396529,-0.06421025,0.0,0.05076164,0.09054527,0.11314927,0.13359202,0.13933685,0.15460436,0.15825753,0.15993981,0.1855774,0.21501048,0.21900998,0.22875318,0.23664267,0.2403198,0.24057,0.23577127,0.23315974,0.23575929,0.23788089,0.2389648,0.23957849,0.24147752,0.24415782,0.24245915,0.24168976,0.24146868,0.23280816,0.22522579,0.21836503,0.20227382,0.18202065,0.14835177,0.10951102,0.06467667,0.01319408,-0.043758668,-0.101658985,-0.16413371,-0.22125153,-0.26944107,-0.3106732,-0.344252,-0.36629725,-0.3831795,-0.39235952,-0.4001778,-0.4041579,-0.40870377,-0.41175815,-0.41349632,-0.41119853,-0.40576366,-0.3954544,-0.38259628,-0.36456183,-0.34448275,-0.32065657,-0.29948765,-0.27942473,-0.261023,-0.24585226,-0.23521425,-0.22434826,-0.21500613,-0.2075428,-0.2030718,-0.19575731,-0.1865313,-0.17363425,-0.1573345,-0.14126451,-0.12556085,-0.11254105,-0.10487519,-0.10034405,-0.09983202,-0.09460978,-0.08659324,-0.06816027,-0.04617212,-0.018410742,0.008606828,0.03005198,0.04667336,0.057135686,0.08380387,0.11491846,0.14477864,0.16677889,0.18288556,0.19003344,0.18568732,0.17323121,0.14218852,0.08348222,-0.010495355,-0.11121691,-0.22026378,-0.3178276,-0.40186086,-0.46981758,-0.52177346,-0.5639875,-0.5991779,-0.6290253,-0.65363425,-0.67291224,-0.6875235,-0.7000494,-0.7100642,-0.71776754,-0.72331643,-0.7271549,-0.7308673,-0.73257077,-0.7345922,-0.73588294,-0.7375291,-0.73726517,-0.73966956,-0.74256945,-0.741115,-0.7395179,-0.740284,-0.7394318,-0.73993015,-0.73905385,-0.73992115,-0.73960763,-0.7407574,-0.74027425,-0.74055076,-0.74033934,-0.7410168,-0.74074644,-0.74141175,-0.74213225,-0.74212617,-0.7422663,-0.7434529,-0.7425251,-0.7431049,-0.74248594,-0.74440366,-0.7434829,-0.7426563,-0.7430656,-0.7433211,-0.7438804,-0.7430904,-0.74289614,-0.74417716,-0.7423666,-0.7441935,-0.74207616,-0.74534607,-0.74459994,-0.74355745,-0.74511516,-0.7446538,-0.7434898,-0.7454548,-0.7447906,-0.74403065,-0.7429656,-0.74371916,-0.7475102,-0.7465381,-0.7466197,-0.7461368,-0.7410594,-0.740761,-0.7445805,-0.7444502,-0.7410904,-0.73917156,-0.7441824,-0.7540527,-0.7421876,-0.74831355,-0.7476031,-0.7514313,-0.7483199,-0.73404914,-0.7395701,-0.73242754,-0.7308405,-0.7391608,-0.7264422,-0.7348508,-0.7392321,-0.7394674,-0.72917885,-0.740656,-0.7376935,-0.7431106,-0.7353615,-0.7394916,-0.74532515,-0.62536144
408.85,-0.32173592,-0.19319029,-0.11455578,-0.05076164,0.0,0.039992932,0.0627967,0.08347936,0.08929127,0.10478886,0.1084889,0.110212564,0.1362984,0.16635714,0.17043157,0.18043713,0.18851678,0.19233127,0.19261539,0.18771794,0.18506667,0.18773985,0.1899227,0.19103405,0.19168796,0.19362581,0.19638641,0.19467112,0.19389683,0.1936786,0.18480532,0.17704569,0.17003407,0.15361795,0.13299826,0.09878042,0.05947069,0.014305407,-0.03730101,-0.094069876,-0.1514403,-0.21295969,-0.2688484,-0.31574753,-0.35569918,-0.38810414,-0.40932092,-0.42553398,-0.4343373,-0.44182834,-0.4456389,-0.44999292,-0.452917,-0.45457804,-0.4523813,-0.4471781,-0.43730125,-0.42497092,-0.40764368,-0.38831702,-0.3653374,-0.34486833,-0.3254254,-0.30755916,-0.29280177,-0.28244632,-0.27185288,-0.26273337,-0.25544298,-0.25107518,-0.24391946,-0.23488978,-0.22225386,-0.20626025,-0.1904655,-0.17500578,-0.16217083,-0.15460333,-0.15012911,-0.14962806,-0.14446571,-0.13654031,-0.11828282,-0.096467234,-0.06884859,-0.04190611,-0.020463834,-0.0038180803,0.006660783,0.03346421,0.0648409,0.09503391,0.11733132,0.1336958,0.14096515,0.13652663,0.123855546,0.09234631,0.033064723,-0.061060086,-0.16092145,-0.26789755,-0.36261386,-0.44343874,-0.50829756,-0.557576,-0.5974237,-0.63050133,-0.65846455,-0.6814611,-0.6994336,-0.7130371,-0.7246808,-0.733979,-0.74112236,-0.74626917,-0.74982244,-0.7532596,-0.7548335,-0.7567037,-0.7578975,-0.75942016,-0.7591715,-0.76139325,-0.76408297,-0.7627339,-0.76125413,-0.76196516,-0.76117456,-0.761634,-0.7608216,-0.76162314,-0.7613303,-0.76239556,-0.76194704,-0.76220345,-0.76200265,-0.7626274,-0.7623768,-0.7629926,-0.76366067,-0.7636502,-0.76377964,-0.7648813,-0.7640175,-0.76455784,-0.7639863,-0.7657601,-0.7649094,-0.7641408,-0.7645177,-0.7647568,-0.7652739,-0.7645363,-0.76436085,-0.7655451,-0.76386714,-0.7655626,-0.7635954,-0.7666238,-0.76594085,-0.7649673,-0.76640886,-0.765982,-0.7648992,-0.76672286,-0.76610136,-0.76539576,-0.7644116,-0.7651012,-0.7686102,-0.7677115,-0.76777947,-0.7673342,-0.7626126,-0.762353,-0.76590264,-0.76577806,-0.7626508,-0.7608394,-0.76542735,-0.77459055,-0.76361346,-0.76929456,-0.76862955,-0.7721786,-0.76929826,-0.7560778,-0.7611936,-0.7545882,-0.7531075,-0.7608608,-0.7490608,-0.7568734,-0.76092184,-0.7611358,-0.751581,-0.76225185,-0.7594788,-0.7645227,-0.7573096,-0.76112163,-0.7665429,-0.654621
411.74,-0.3567289,-0.23120354,-0.15377949,-0.09054527,-0.039992932,0.0,0.02287124,0.04365384,0.049502824,0.065115534,0.068843335,0.070585355,0.09692142,0.12735403,0.13149512,0.1416523,0.14987624,0.15376061,0.15408821,0.14912666,0.1464401,0.14916374,0.15138885,0.15252382,0.15318942,0.15516332,0.1579837,0.15625358,0.1554813,0.15526885,0.14626203,0.13838303,0.131289,0.11465992,0.09382144,0.059303343,0.019774009,-0.025481842,-0.0769864,-0.13339353,-0.1901313,-0.25067705,-0.30541518,-0.35115921,-0.38998732,-0.4213867,-0.44190213,-0.45755467,-0.4660399,-0.47326434,-0.47693527,-0.48112705,-0.4839409,-0.48554444,-0.48342925,-0.4784156,-0.46889964,-0.45701057,-0.44027725,-0.42158988,-0.39932752,-0.3794614,-0.36056373,-0.34317148,-0.32879043,-0.31868294,-0.30833945,-0.29942435,-0.29229203,-0.28801978,-0.28101486,-0.27216986,-0.25978196,-0.24408334,-0.2285615,-0.21334817,-0.20070645,-0.1932421,-0.18883058,-0.18833734,-0.18324427,-0.17541789,-0.15736428,-0.13576612,-0.10836362,-0.08157865,-0.060220238,-0.043616943,-0.033164155,-0.0063504884,0.025112208,0.05545896,0.077908985,0.09442245,0.101759724,0.09726706,0.08446665,0.05271057,-0.00680498,-0.10069128,-0.1995126,-0.30450454,-0.3967094,-0.47483352,-0.53715533,-0.5842854,-0.62225366,-0.6536833,-0.680179,-0.70192975,-0.7189016,-0.73173064,-0.7427005,-0.75145453,-0.75817513,-0.7630142,-0.7663533,-0.76958543,-0.7710636,-0.7728167,-0.7739388,-0.77537113,-0.775134,-0.7772209,-0.7797491,-0.77848166,-0.77708614,-0.77775705,-0.77701443,-0.7774431,-0.77667904,-0.77743596,-0.77715486,-0.77815557,-0.7777345,-0.7779714,-0.77778554,-0.77836907,-0.7781349,-0.77871346,-0.7793406,-0.7793345,-0.7794504,-0.78048354,-0.7796708,-0.78017974,-0.779645,-0.78131586,-0.7805109,-0.77979034,-0.7801451,-0.7803687,-0.7808576,-0.7801581,-0.77999383,-0.78110725,-0.77953357,-0.7811238,-0.77927464,-0.782123,-0.7814778,-0.78056335,-0.7819238,-0.7815157,-0.7804997,-0.78221345,-0.7816259,-0.7809656,-0.78003436,-0.78068155,-0.7839852,-0.7831408,-0.78319675,-0.7827788,-0.77832925,-0.7780943,-0.7814394,-0.78131896,-0.77837193,-0.7766519,-0.78094035,-0.78956604,-0.77924186,-0.78459793,-0.78396004,-0.7873035,-0.78461486,-0.7721579,-0.77700156,-0.77077216,-0.7693932,-0.77671003,-0.7656037,-0.7729621,-0.7767777,-0.7769678,-0.7679644,-0.77801657,-0.7754053,-0.7801477,-0.77333814,-0.7769261,-0.782036,-0.6762531
414.63,-0.3762687,-0.25258413,-0.17593691,-0.11314927,-0.0627967,-0.02287124,0.0,0.020808639,0.026668958,0.04232385,0.046065684,0.04781541,0.07425582,0.10486238,0.10903282,0.11926931,0.12756617,0.13149108,0.1318414,0.1268519,0.12415513,0.12690206,0.12915592,0.1302989,0.13097665,0.1329702,0.13581714,0.13408458,0.13331561,0.1330996,0.124029085,0.11609754,0.108961396,0.09223252,0.07129274,0.03663563,-0.0029759859,-0.048233986,-0.09962704,-0.1557661,-0.2120857,-0.27201578,-0.32604554,-0.37109601,-0.40925497,-0.44005945,-0.46016642,-0.4754864,-0.48379228,-0.49085513,-0.4944457,-0.4985499,-0.5012989,-0.50286585,-0.50079757,-0.4958949,-0.48659176,-0.47495866,-0.45857173,-0.44026065,-0.4184261,-0.39892194,-0.38034737,-0.36323783,-0.3490803,-0.33912608,-0.32892975,-0.32013848,-0.3131075,-0.30888978,-0.301977,-0.29324418,-0.2810094,-0.2654936,-0.25014368,-0.23508528,-0.22256334,-0.21516515,-0.2107928,-0.21030381,-0.20524973,-0.19748975,-0.17957634,-0.15812175,-0.13086976,-0.1042043,-0.08291617,-0.066353954,-0.0559242,-0.029135907,0.002340185,0.03273811,0.055251706,0.07183164,0.07920367,0.07468044,0.061823536,0.029962799,-0.029613223,-0.12325204,-0.22137706,-0.3251356,-0.41583562,-0.49237463,-0.5532254,-0.599118,-0.63602334,-0.6665203,-0.6921873,-0.7132368,-0.72964865,-0.742046,-0.75264055,-0.7610887,-0.7675768,-0.77224433,-0.77546364,-0.7785802,-0.78000355,-0.78169465,-0.78277516,-0.78415555,-0.7839228,-0.7859355,-0.7883723,-0.7871476,-0.78580314,-0.7864499,-0.7857325,-0.78614616,-0.78540593,-0.78613585,-0.78586394,-0.78682995,-0.7864225,-0.7866493,-0.7864685,-0.787032,-0.7868059,-0.7873638,-0.7879688,-0.7879603,-0.7880689,-0.7890691,-0.7882837,-0.7887752,-0.78825533,-0.7898714,-0.7890936,-0.7883983,-0.78874385,-0.7889518,-0.7894246,-0.78875047,-0.78859055,-0.7896642,-0.7881465,-0.7896824,-0.7878958,-0.7906442,-0.79002357,-0.7891375,-0.79045224,-0.7900579,-0.7890742,-0.7907321,-0.7901681,-0.78952044,-0.7886225,-0.78924537,-0.79243404,-0.7916202,-0.7916702,-0.79126877,-0.78697205,-0.7867435,-0.7899752,-0.78986317,-0.78700054,-0.78533345,-0.7894548,-0.79777324,-0.7878211,-0.7929936,-0.7923788,-0.79560673,-0.7930067,-0.78098714,-0.7856652,-0.7796645,-0.77831566,-0.78539777,-0.7746729,-0.78177994,-0.7854532,-0.78564006,-0.7769349,-0.7866483,-0.7841333,-0.78870803,-0.782135,-0.78560185,-0.79051,-0.68813133
417.52,-0.39373022,-0.27182344,-0.19595842,-0.13359202,-0.08347936,-0.04365384,-0.020808639,0.0,0.005867211,0.021542815,0.02529168,0.02704612,0.053554837,0.084283024,0.08847725,0.09877325,0.10712365,0.11108471,0.11144225,0.10643239,0.10372688,0.106498055,0.108765945,0.10991886,0.11060604,0.11261799,0.11548728,0.11374914,0.11297699,0.1127679,0.10364203,0.095673464,0.08850087,0.07169891,0.050687168,0.015948083,-0.023691934,-0.06889676,-0.120125,-0.17595628,-0.23183043,-0.29114485,-0.34448975,-0.38887107,-0.4264063,-0.45665765,-0.47638136,-0.49140406,-0.49953952,-0.5064592,-0.50997555,-0.51399124,-0.51668495,-0.5182167,-0.51619595,-0.51139355,-0.5022789,-0.49088106,-0.47481838,-0.4568519,-0.43541038,-0.41624248,-0.39797276,-0.38113093,-0.3671851,-0.35737443,-0.34732577,-0.33865422,-0.3317126,-0.32755423,-0.32072806,-0.3121072,-0.30002043,-0.28468257,-0.26950192,-0.25460023,-0.24220099,-0.23487395,-0.23053892,-0.23005609,-0.22504798,-0.21735415,-0.19958235,-0.17828317,-0.15120338,-0.12467532,-0.103477195,-0.08697325,-0.076577984,-0.049843602,-0.018394826,0.012018566,0.03456439,0.051187083,0.05858116,0.054040436,0.04114505,0.00922524,-0.050341118,-0.14364757,-0.2410297,-0.34357542,-0.43285927,-0.50794595,-0.5674631,-0.61225027,-0.6482045,-0.67786825,-0.70280457,-0.7232408,-0.7391603,-0.7511809,-0.7614473,-0.7696315,-0.77591366,-0.78043056,-0.78354615,-0.78656363,-0.7879395,-0.78957456,-0.7906173,-0.7919523,-0.7917218,-0.7936662,-0.7960284,-0.79484653,-0.79354143,-0.7941677,-0.7934748,-0.7938713,-0.7931569,-0.7938605,-0.7935957,-0.7945305,-0.7941351,-0.79435414,-0.7941779,-0.7947234,-0.7945034,-0.7950429,-0.7956293,-0.79561955,-0.79572636,-0.79669297,-0.7959304,-0.7964068,-0.79590863,-0.7974719,-0.79671746,-0.796043,-0.79637456,-0.7965793,-0.7970354,-0.7963808,-0.79622835,-0.797269,-0.79579854,-0.7972823,-0.79555243,-0.79821295,-0.7976146,-0.79675186,-0.79802614,-0.7976446,-0.7966941,-0.7982984,-0.79774946,-0.7971235,-0.79625165,-0.7968522,-0.7999357,-0.79914904,-0.79919696,-0.79880136,-0.79464525,-0.7944304,-0.7975639,-0.79745126,-0.79467064,-0.79303384,-0.7970022,-0.80505073,-0.7954383,-0.80043966,-0.7998347,-0.8029751,-0.80045855,-0.78882307,-0.79336095,-0.78755265,-0.7862468,-0.7931146,-0.78272855,-0.7896124,-0.79316515,-0.79333925,-0.78492856,-0.7943215,-0.79188293,-0.79630905,-0.7899413,-0.793291,-0.7980397,-0.6986567
420.40,-0.39863333,-0.27718303,-0.20155755,-0.13933685,-0.08929127,-0.049502824,-0.026668958,-0.005867211,0.0,0.015679792,0.019430697,0.021186484,0.047711987,0.07847477,0.08267595,0.09298751,0.10135239,0.10532415,0.1056845,0.100665465,0.09795926,0.10074006,0.10301302,0.104166165,0.104856744,0.10687106,0.109749496,0.10800784,0.10723679,0.10702669,0.09788674,0.08990827,0.082727194,0.06590685,0.044874433,0.0101140635,-0.02953251,-0.07472079,-0.12590078,-0.1816421,-0.23739251,-0.29653,-0.3496806,-0.39388037,-0.43123505,-0.46133316,-0.48095053,-0.49588782,-0.5039776,-0.5108577,-0.51435214,-0.5183441,-0.5210213,-0.5225486,-0.5205363,-0.51576376,-0.50670403,-0.4953702,-0.47939828,-0.4615271,-0.4401962,-0.42111745,-0.40293255,-0.386169,-0.37228385,-0.36251387,-0.35250187,-0.34386528,-0.3369498,-0.3328082,-0.32600936,-0.3174185,-0.3053722,-0.29008535,-0.27494973,-0.26009133,-0.24772857,-0.24042396,-0.23609917,-0.23561586,-0.23062389,-0.2229449,-0.20521516,-0.1839626,-0.15693076,-0.13044035,-0.10926957,-0.09278296,-0.08240011,-0.055680644,-0.024239725,0.0061762887,0.028732758,0.045365006,0.05276768,0.048219413,0.03531621,0.003378542,-0.05618244,-0.14939469,-0.24656348,-0.34876513,-0.43764797,-0.5123261,-0.5714723,-0.6159542,-0.6516447,-0.68108004,-0.705814,-0.7260779,-0.74186546,-0.7537817,-0.76395684,-0.7720699,-0.77829313,-0.7827722,-0.78585905,-0.7888495,-0.79021037,-0.7918309,-0.79286444,-0.79418755,-0.79395926,-0.7958852,-0.7982163,-0.7970481,-0.7957593,-0.7963777,-0.7956888,-0.7960852,-0.7953753,-0.79607207,-0.7958106,-0.7967364,-0.7963452,-0.7965613,-0.7963842,-0.796926,-0.7967076,-0.7972429,-0.79782355,-0.79781306,-0.7979153,-0.7988732,-0.79811954,-0.7985895,-0.7980969,-0.7996451,-0.79889864,-0.79822963,-0.79856104,-0.79876363,-0.7992131,-0.79856503,-0.79841083,-0.79944354,-0.7979872,-0.7994581,-0.7977462,-0.8003806,-0.799785,-0.7989326,-0.8001943,-0.7998172,-0.7988749,-0.8004631,-0.799922,-0.799301,-0.79843247,-0.7990283,-0.80208415,-0.80130494,-0.8013497,-0.8009627,-0.79683715,-0.79662603,-0.79972976,-0.7996186,-0.7968755,-0.79524106,-0.79916203,-0.8071359,-0.7976231,-0.80257654,-0.8019616,-0.805071,-0.80258214,-0.7910519,-0.7955429,-0.7897879,-0.7885019,-0.7953101,-0.7850253,-0.79184884,-0.7953657,-0.79554266,-0.7872033,-0.79650825,-0.7940888,-0.79847324,-0.79215974,-0.7954984,-0.8001921,-0.70163155
423.29,-0.41144115,-0.29144397,-0.21645127,-0.15460436,-0.10478886,-0.065115534,-0.04232385,-0.021542815,-0.015679792,0.0,0.0037519538,0.005510008,0.032063153,0.06289498,0.06711159,0.077460974,0.08586094,0.08985197,0.09022589,0.085196584,0.08248298,0.08528209,0.08756471,0.088730745,0.08942736,0.09144951,0.094345376,0.092604764,0.09183442,0.09162607,0.08245251,0.074450485,0.06724888,0.05038406,0.029311126,-0.005493614,-0.04513825,-0.09026153,-0.1412915,-0.19677,-0.25215554,-0.3108026,-0.3634133,-0.40708905,-0.44395956,-0.473634,-0.49295765,-0.5076634,-0.51562375,-0.5223935,-0.52583134,-0.5297597,-0.532392,-0.533894,-0.5319162,-0.5272199,-0.51830965,-0.50715363,-0.49142835,-0.47382486,-0.4527987,-0.43398368,-0.4160396,-0.39948386,-0.3857611,-0.37610626,-0.3662068,-0.35766146,-0.3508232,-0.3467232,-0.3399956,-0.3314895,-0.31956097,-0.30441675,-0.28941473,-0.27467674,-0.26241404,-0.25516006,-0.25087044,-0.25038967,-0.24543294,-0.23780763,-0.22019857,-0.19907181,-0.17217982,-0.14580986,-0.12471573,-0.108283006,-0.09792802,-0.071264766,-0.03986315,-0.009454978,0.013110901,0.029763233,0.037178498,0.03261975,0.01969592,-0.012265068,-0.071778744,-0.16468345,-0.2612388,-0.3624847,-0.45026585,-0.5238221,-0.58195096,-0.6255937,-0.6605635,-0.68937427,-0.71356,-0.7333601,-0.7487776,-0.760413,-0.77034634,-0.7782577,-0.7843292,-0.7886977,-0.79170525,-0.7946214,-0.79594946,-0.79752666,-0.7985328,-0.79982185,-0.79959875,-0.80146754,-0.803743,-0.80260444,-0.8013475,-0.8019505,-0.8012784,-0.8016613,-0.80097085,-0.80165124,-0.801392,-0.8022946,-0.80191135,-0.802124,-0.8019511,-0.8024803,-0.8022664,-0.8027842,-0.8033533,-0.80333984,-0.8034405,-0.80437297,-0.8036362,-0.8040971,-0.80361784,-0.80512685,-0.8043971,-0.80374515,-0.80406755,-0.80426466,-0.80470526,-0.8040692,-0.8039224,-0.8049282,-0.8035076,-0.8049438,-0.80327016,-0.80584115,-0.8052624,-0.8044278,-0.8056568,-0.8052893,-0.8043702,-0.80592036,-0.8053905,-0.80478525,-0.8039386,-0.80451274,-0.80749416,-0.8067362,-0.80678,-0.80639994,-0.80237263,-0.802173,-0.80520314,-0.8050921,-0.80240065,-0.8007904,-0.8045968,-0.81237566,-0.80309737,-0.8079355,-0.80733424,-0.81037545,-0.8079438,-0.79669297,-0.8010783,-0.7954655,-0.79422945,-0.80086654,-0.790833,-0.797493,-0.8009094,-0.80109423,-0.7929524,-0.80202514,-0.79967,-0.80394673,-0.79778,-0.8010267,-0.80562395,-0.70928043
426.19,-0.41456488,-0.29486182,-0.21999975,-0.15825753,-0.1084889,-0.068843335,-0.046065684,-0.02529168,-0.019430697,-0.0037519538,0.0,0.0017586494,0.028318547,0.05916181,0.06338247,0.07373993,0.082145736,0.08614639,0.08652075,0.08148584,0.07877589,0.08157607,0.08386396,0.0850305,0.08572873,0.08775777,0.09065616,0.08891017,0.08814178,0.087935336,0.07875166,0.0707446,0.06353994,0.046663962,0.025580214,-0.009233558,-0.048877258,-0.093984805,-0.14497826,-0.2003935,-0.25569472,-0.31422472,-0.3667091,-0.41026494,-0.44702005,-0.47659343,-0.49585155,-0.5105046,-0.5184349,-0.52517664,-0.52860314,-0.53251225,-0.53513676,-0.5366332,-0.5346642,-0.5299872,-0.5211089,-0.50999504,-0.49432567,-0.47678447,-0.4558303,-0.43707424,-0.4191829,-0.4026763,-0.3889924,-0.37936294,-0.36948875,-0.36097026,-0.35414308,-0.3500556,-0.3433433,-0.3348588,-0.3229592,-0.3078433,-0.29287484,-0.27816784,-0.26592863,-0.25868738,-0.2544056,-0.25392392,-0.24897514,-0.24136415,-0.2237816,-0.20268412,-0.17583121,-0.14948888,-0.12841375,-0.11199131,-0.10164378,-0.07499606,-0.043604296,-0.013198345,0.009370636,0.02602782,0.033445537,0.028885465,0.015956689,-0.01600967,-0.07551317,-0.16834517,-0.26475167,-0.3657683,-0.4532848,-0.5265806,-0.5844769,-0.627928,-0.6627358,-0.6914046,-0.71546274,-0.73515993,-0.75049514,-0.76206696,-0.7719419,-0.7798108,-0.7858478,-0.7901913,-0.7931819,-0.7960812,-0.7974008,-0.798971,-0.79996896,-0.80124956,-0.8010276,-0.8028819,-0.8051444,-0.80401456,-0.80276537,-0.80336183,-0.8026934,-0.8030761,-0.8023886,-0.8030625,-0.8028068,-0.8037024,-0.80332464,-0.80353373,-0.80336154,-0.8038878,-0.8036732,-0.8041899,-0.8047527,-0.8047407,-0.8048413,-0.80576885,-0.8050369,-0.80549324,-0.80501586,-0.8065167,-0.8057929,-0.8051421,-0.805464,-0.8056613,-0.8060965,-0.8054657,-0.80532,-0.8063196,-0.804905,-0.8063341,-0.80467105,-0.8072248,-0.8066483,-0.80582166,-0.80704236,-0.80667526,-0.8057604,-0.8073054,-0.8067804,-0.806174,-0.805331,-0.8059056,-0.808867,-0.8081162,-0.8081503,-0.807778,-0.80377895,-0.8035771,-0.80658656,-0.8064783,-0.80380344,-0.8021982,-0.8059785,-0.813707,-0.80448323,-0.8092972,-0.8087035,-0.81171614,-0.8093024,-0.7981236,-0.80248386,-0.7968973,-0.7956717,-0.8022668,-0.7922991,-0.7989063,-0.8023147,-0.8024924,-0.7943954,-0.8034266,-0.8010831,-0.8053369,-0.79919744,-0.8024191,-0.8069863,-0.71118855
429.08,-0.41597512,-0.29642954,-0.2216484,-0.15993981,-0.110212564,-0.070585355,-0.04781541,-0.02704612,-0.021186484,-0.005510008,-0.0017586494,0.0,0.026560754,0.057410117,0.061631292,0.07199414,0.08040388,0.0844066,0.08477937,0.07974721,0.077037856,0.079835825,0.082128525,0.083295055,0.083994485,0.086022295,0.08892525,0.087181315,0.08641295,0.086206615,0.077019684,0.06900909,0.061803207,0.044921856,0.02383541,-0.010983934,-0.050626438,-0.09572624,-0.14670208,-0.20209022,-0.25735414,-0.31583205,-0.36825606,-0.4117623,-0.44846657,-0.4779946,-0.49722388,-0.5118497,-0.5197689,-0.52650017,-0.52992165,-0.5338259,-0.53644574,-0.5379373,-0.5359701,-0.5313023,-0.5224382,-0.51134473,-0.49570036,-0.47818765,-0.4572627,-0.43853617,-0.4206664,-0.40417948,-0.39051566,-0.38089746,-0.37103543,-0.3625219,-0.3557065,-0.3516227,-0.34491646,-0.33644253,-0.32455412,-0.3094567,-0.29450014,-0.2798084,-0.267576,-0.26034182,-0.25606182,-0.25558406,-0.25063473,-0.24302982,-0.22546348,-0.20437849,-0.17754075,-0.15121056,-0.13014407,-0.113726415,-0.103382595,-0.07674244,-0.045355193,-0.014950513,0.0076192403,0.024279097,0.03169775,0.027137153,0.014205871,-0.017762946,-0.07725886,-0.17005558,-0.26640007,-0.36731136,-0.45472082,-0.527895,-0.58568525,-0.629049,-0.6637846,-0.6923859,-0.71638715,-0.7360364,-0.751333,-0.7628729,-0.7727249,-0.7805711,-0.7865939,-0.79092425,-0.7939083,-0.79679626,-0.79811335,-0.7996776,-0.8006737,-0.80195016,-0.80172825,-0.80357397,-0.80583084,-0.8047042,-0.8034592,-0.80405337,-0.8033893,-0.80376935,-0.8030833,-0.8037534,-0.8034998,-0.8043929,-0.8040163,-0.8042233,-0.80405146,-0.80457395,-0.80436337,-0.8048756,-0.8054394,-0.8054253,-0.805527,-0.80644995,-0.8057204,-0.8061761,-0.8057003,-0.8071955,-0.80647254,-0.8058245,-0.8061451,-0.8063383,-0.8067753,-0.8061444,-0.8060013,-0.806998,-0.80558646,-0.8070103,-0.80535203,-0.8078974,-0.8073281,-0.8064981,-0.80771744,-0.8073517,-0.80643904,-0.8079787,-0.8074559,-0.80685127,-0.80601406,-0.8065821,-0.8095367,-0.8087856,-0.80882376,-0.80844885,-0.80446076,-0.8042629,-0.80726314,-0.8071521,-0.8044869,-0.80288595,-0.8066428,-0.8143512,-0.80516195,-0.8099536,-0.80935645,-0.8123664,-0.80996567,-0.79880923,-0.80315614,-0.7975952,-0.7963622,-0.8029464,-0.79300314,-0.7995952,-0.80299044,-0.80317134,-0.7951075,-0.80410534,-0.80176336,-0.80601144,-0.79989594,-0.80309945,-0.80764604,-0.7120773
431.97,-0.43723497,-0.32016808,-0.24656355,-0.1855774,-0.1362984,-0.09692142,-0.07425582,-0.053554837,-0.047711987,-0.032063153,-0.028318547,-0.026560754,0.0,0.030906826,0.03514338,0.04554472,0.053995855,0.058022503,0.058408953,0.053363897,0.050644282,0.05346504,0.055767857,0.056946047,0.057650324,0.059692442,0.06261607,0.06086933,0.060106087,0.059899814,0.05067336,0.042633463,0.035404697,0.018480904,-0.0026384564,-0.03746173,-0.07702454,-0.12192933,-0.17255138,-0.22739314,-0.28194973,-0.33950028,-0.39094314,-0.43351883,-0.46936414,-0.4981463,-0.516866,-0.5310946,-0.5387889,-0.54532796,-0.5486539,-0.5524444,-0.55498856,-0.55643916,-0.5545302,-0.54999334,-0.54138243,-0.5306005,-0.5153825,-0.49833313,-0.4779382,-0.4596672,-0.44221675,-0.42610133,-0.41272938,-0.4033161,-0.39365417,-0.3853126,-0.37862983,-0.3746274,-0.36804593,-0.3597328,-0.348056,-0.33322203,-0.31851792,-0.3040578,-0.2920072,-0.28487727,-0.28066206,-0.28018662,-0.2753076,-0.26780692,-0.25046486,-0.2296349,-0.2030843,-0.17699954,-0.15610738,-0.13980833,-0.12953502,-0.10303865,-0.07177477,-0.041440234,-0.018893184,-0.002229995,0.005194926,0.00062481017,-0.012316705,-0.044266023,-0.103574,-0.19568528,-0.29083776,-0.3899868,-0.47543594,-0.5466683,-0.6027255,-0.64467156,-0.6782031,-0.70576763,-0.7288602,-0.74774647,-0.76244146,-0.773519,-0.7829681,-0.7904921,-0.7962655,-0.80041385,-0.803273,-0.8060394,-0.8073002,-0.8087966,-0.80974895,-0.81097186,-0.81075567,-0.81252086,-0.81468433,-0.8136061,-0.8124114,-0.81298053,-0.8123434,-0.812707,-0.8120485,-0.81269026,-0.8124442,-0.8133003,-0.8129367,-0.81313604,-0.81297004,-0.81347007,-0.81326663,-0.81375796,-0.8142978,-0.8142826,-0.81437933,-0.8152642,-0.8145635,-0.8149998,-0.81454444,-0.81597865,-0.8152865,-0.81466424,-0.8149729,-0.81516176,-0.8155762,-0.81497073,-0.8148321,-0.81578654,-0.81443506,-0.81579673,-0.814208,-0.8166481,-0.81610096,-0.81530726,-0.8164763,-0.8161227,-0.8152509,-0.81672317,-0.8162226,-0.8156393,-0.8148309,-0.8153785,-0.81821066,-0.8174877,-0.81752497,-0.817162,-0.8133399,-0.81315154,-0.81602806,-0.81592315,-0.8133606,-0.8118033,-0.8153824,-0.8227657,-0.81397974,-0.8185742,-0.81799364,-0.8208791,-0.81857985,-0.8078826,-0.8120614,-0.8067355,-0.805553,-0.8118772,-0.8023477,-0.8086679,-0.81192243,-0.81209326,-0.8043558,-0.8129914,-0.8107437,-0.81480515,-0.8089309,-0.8120146,-0.8163742,-0.7244563
434.87,-0.46117994,-0.34711805,-0.27502596,-0.21501048,-0.16635714,-0.12735403,-0.10486238,-0.084283024,-0.07847477,-0.06289498,-0.05916181,-0.057410117,-0.030906826,0.0,0.0042402376,0.014664433,0.02314206,0.0271923,0.027589403,0.022533854,0.019813515,0.022646626,0.024962181,0.026146524,0.026859907,0.028911805,0.031850662,0.030103466,0.02934326,0.02914132,0.019882958,0.0118233245,0.0045838696,-0.012359918,-0.03347562,-0.06823976,-0.1076352,-0.15222709,-0.2023455,-0.2564578,-0.31010005,-0.36648455,-0.41670913,-0.45815837,-0.49296808,-0.5208592,-0.53897864,-0.552728,-0.5601624,-0.56648207,-0.5696887,-0.57334995,-0.5758066,-0.5772073,-0.5753654,-0.57098687,-0.5626738,-0.5522598,-0.53754765,-0.521047,-0.5012893,-0.48356634,-0.46662024,-0.45095265,-0.43794313,-0.42877594,-0.4193578,-0.41122422,-0.40470752,-0.40080148,-0.39437655,-0.38625395,-0.374848,-0.36033785,-0.34594515,-0.33176896,-0.3199598,-0.31296268,-0.30881995,-0.30835494,-0.30356255,-0.29618967,-0.2791449,-0.25864294,-0.23246546,-0.2067127,-0.1860539,-0.16992262,-0.15974961,-0.13346371,-0.10240401,-0.0722067,-0.04972864,-0.03309322,-0.025675952,-0.030246867,-0.04317279,-0.07503774,-0.13400765,-0.22515142,-0.31876752,-0.41573316,-0.49882686,-0.56775033,-0.62177205,-0.6620707,-0.6942099,-0.72057974,-0.7426274,-0.76064473,-0.77464885,-0.7852008,-0.794195,-0.8013488,-0.80683804,-0.8107841,-0.8134987,-0.81612885,-0.8173226,-0.818744,-0.8196474,-0.8208094,-0.82060176,-0.822277,-0.82432795,-0.8233036,-0.822167,-0.8227091,-0.82210094,-0.82244533,-0.8218185,-0.822429,-0.8221945,-0.8230063,-0.8226606,-0.8228477,-0.82268876,-0.8231648,-0.8229684,-0.8234356,-0.8239504,-0.82393366,-0.8240219,-0.8248637,-0.8241963,-0.82461196,-0.8241818,-0.825546,-0.8248851,-0.8242924,-0.824586,-0.8247624,-0.8251596,-0.82458,-0.82444793,-0.825358,-0.82407147,-0.825368,-0.82385373,-0.82617694,-0.8256602,-0.8248975,-0.82601243,-0.8256747,-0.824841,-0.82624507,-0.8257701,-0.82521236,-0.824441,-0.82495505,-0.82765067,-0.8269709,-0.82699543,-0.82665324,-0.8230014,-0.8228324,-0.8255772,-0.8254783,-0.8230211,-0.8215171,-0.82489413,-0.831935,-0.82357675,-0.8279534,-0.8273928,-0.8301507,-0.82795656,-0.81777054,-0.8217508,-0.8166968,-0.81557137,-0.8216136,-0.81254333,-0.8185702,-0.82166094,-0.8218201,-0.8144421,-0.8226679,-0.8205219,-0.8243871,-0.81879175,-0.8217251,-0.8258654,-0.7380488
437.76,-0.4644165,-0.35076678,-0.27888405,-0.21900998,-0.17043157,-0.13149512,-0.10903282,-0.08847725,-0.08267595,-0.06711159,-0.06338247,-0.061631292,-0.03514338,-0.0042402376,0.0,0.01042519,0.018906973,0.022957426,0.02335652,0.018299993,0.0155788,0.018414473,0.020731892,0.0219173,0.022631513,0.0246843,0.027626747,0.025878979,0.025119347,0.024917757,0.015656456,0.007594715,0.00035336075,-0.016592897,-0.037708074,-0.07246196,-0.11183407,-0.15638277,-0.2064329,-0.26044402,-0.3139634,-0.37018952,-0.42025188,-0.46154675,-0.49621925,-0.5239914,-0.5420302,-0.5557188,-0.5631161,-0.5694011,-0.57259697,-0.57623994,-0.5786838,-0.58008146,-0.5782479,-0.57388645,-0.56561494,-0.5552497,-0.54060495,-0.524178,-0.504505,-0.48685503,-0.46997586,-0.45437005,-0.4414083,-0.43227375,-0.4228899,-0.41478145,-0.4082865,-0.4043924,-0.39798784,-0.38989356,-0.37852296,-0.36405852,-0.34970495,-0.33557236,-0.32378834,-0.31680986,-0.3126802,-0.31221524,-0.30743405,-0.3000808,-0.28307605,-0.26261416,-0.23649456,-0.21078384,-0.1901556,-0.17404884,-0.16388372,-0.13763249,-0.106601045,-0.07642625,-0.05395632,-0.037324063,-0.029909128,-0.03447934,-0.047402915,-0.079254724,-0.1381757,-0.22918412,-0.3225887,-0.4192612,-0.50203174,-0.5706478,-0.62440205,-0.6644824,-0.6964378,-0.7226485,-0.74455893,-0.7624603,-0.7763725,-0.7868551,-0.79579043,-0.8028974,-0.8083492,-0.8122679,-0.81496274,-0.81757456,-0.8187621,-0.82017183,-0.8210672,-0.82222086,-0.82201344,-0.82367414,-0.82571125,-0.82469547,-0.8235688,-0.82410496,-0.8235022,-0.8238427,-0.82321936,-0.823826,-0.82359105,-0.82439667,-0.8240541,-0.8242392,-0.82408345,-0.8245543,-0.8243603,-0.82482225,-0.82533276,-0.82531476,-0.8254041,-0.8262395,-0.8255755,-0.8259904,-0.82556033,-0.82691735,-0.82626045,-0.82567203,-0.8259638,-0.82613945,-0.8265336,-0.8259577,-0.8258244,-0.8267285,-0.82545143,-0.82673967,-0.8252348,-0.8275401,-0.8270273,-0.82627034,-0.8273785,-0.827042,-0.82621574,-0.8276108,-0.8271351,-0.8265815,-0.82581204,-0.8263277,-0.829003,-0.828323,-0.8283509,-0.82800895,-0.8243892,-0.82421714,-0.82694143,-0.8268434,-0.82440794,-0.8229077,-0.82625335,-0.8332377,-0.82493854,-0.8292922,-0.82872957,-0.8314662,-0.82929045,-0.8191733,-0.82313716,-0.81810385,-0.81699896,-0.82300067,-0.81398606,-0.81997186,-0.82304144,-0.8232077,-0.81587255,-0.8240474,-0.8219171,-0.825754,-0.82019645,-0.82310086,-0.8272149,-0.73994404
440.66,-0.47220972,-0.35962304,-0.2882758,-0.22875318,-0.18043713,-0.1416523,-0.11926931,-0.09877325,-0.09298751,-0.077460974,-0.07373993,-0.07199414,-0.04554472,-0.014664433,-0.01042519,0.0,0.008484929,0.012540899,0.012941253,0.007883175,0.005163791,0.008001641,0.010322218,0.011509473,0.012225587,0.014280629,0.017226668,0.015479901,0.014721438,0.014520756,0.005252664,-0.0028122861,-0.010054966,-0.027001612,-0.048108887,-0.082829885,-0.12213191,-0.16655889,-0.21642356,-0.2701733,-0.3233655,-0.379189,-0.4288278,-0.46973538,-0.5040533,-0.53152275,-0.54935735,-0.56288475,-0.57019526,-0.5764093,-0.57956475,-0.5831631,-0.5855767,-0.58695614,-0.58514524,-0.5808387,-0.57266784,-0.5624262,-0.54795116,-0.5317144,-0.5122562,-0.49479398,-0.47808608,-0.46263477,-0.44979516,-0.44074568,-0.43144628,-0.42340913,-0.41697162,-0.4131119,-0.4067617,-0.39873427,-0.38745454,-0.37309864,-0.3588554,-0.34482154,-0.33312184,-0.32618973,-0.32208192,-0.32161838,-0.31686717,-0.30956298,-0.2926625,-0.272317,-0.24632731,-0.22073734,-0.20019941,-0.18415016,-0.17402035,-0.14784817,-0.11689728,-0.08677891,-0.064338684,-0.04772281,-0.04031295,-0.044879284,-0.057792515,-0.08959841,-0.14837827,-0.23902205,-0.33188823,-0.4278073,-0.50977916,-0.5776151,-0.63068837,-0.67021525,-0.70171183,-0.7275239,-0.7490876,-0.7667016,-0.7803914,-0.7906997,-0.79948527,-0.8064712,-0.8118303,-0.8156828,-0.8183302,-0.8208975,-0.8220616,-0.82344717,-0.8243271,-0.82545936,-0.8252525,-0.8268821,-0.82888496,-0.8278875,-0.8267785,-0.82730603,-0.82671326,-0.82704765,-0.82643485,-0.827029,-0.8267981,-0.82758886,-0.827252,-0.82743484,-0.82727855,-0.8277419,-0.8275516,-0.82800496,-0.8285068,-0.8284898,-0.8285751,-0.82939655,-0.82874304,-0.82914984,-0.8287273,-0.8300618,-0.8294159,-0.828836,-0.829125,-0.82929415,-0.82968295,-0.8291146,-0.82898563,-0.8298747,-0.82861865,-0.8298837,-0.8284028,-0.83067036,-0.8301689,-0.8294212,-0.83051056,-0.83018047,-0.82936394,-0.83073795,-0.83027035,-0.82972056,-0.82896817,-0.8294677,-0.8321013,-0.831435,-0.8314562,-0.8311211,-0.82755595,-0.8273952,-0.83007574,-0.8299743,-0.82756996,-0.8260768,-0.82935035,-0.83622056,-0.8280743,-0.83235025,-0.831791,-0.83449054,-0.8323503,-0.82239926,-0.82629156,-0.82135874,-0.8202659,-0.82617575,-0.81731147,-0.8231977,-0.8262138,-0.82637227,-0.8191623,-0.82720613,-0.8251016,-0.82887787,-0.8234105,-0.8262654,-0.8303104,-0.7443566
