,397.32,400.20,403.09,405.97,408.85,411.74,414.63,417.52,420.40,423.29,426.19,429.08,431.97,434.87,437.76,440.66,443.56,446.45,449.35,452.25,455.16,458.06,460.96,463.87,466.77,469.68,472.59,475.50,478.41,481.32,484.23,487.14,490.06,492.97,495.89,498.80,501.72,504.64,507.56,510.48,513.40,516.33,519.25,522.18,525.10,528.03,530.96,533.89,536.82,539.75,542.68,545.62,548.55,551.49,554.43,557.36,560.30,563.24,566.18,569.12,572.07,575.01,577.96,580.90,583.85,586.80,589.75,592.70,595.65,598.60,601.55,604.51,607.46,610.42,613.38,616.34,619.30,622.26,625.22,628.18,631.15,634.11,637.08,640.04,643.01,645.98,648.95,651.92,654.89,657.87,660.84,663.81,666.79,669.77,672.75,675.73,678.71,681.69,684.67,687.65,690.64,693.62,696.61,699.60,702.58,705.57,708.57,711.56,714.55,717.54,720.54,723.53,726.53,729.53,732.53,735.53,738.53,741.53,744.53,747.54,750.54,753.55,756.56,759.56,762.57,765.58,768.60,771.61,774.62,777.64,780.65,783.67,786.68,789.70,792.72,795.74,798.77,801.79,804.81,807.84,810.86,813.89,816.92,819.95,822.98,826.01,829.04,832.07,835.11,838.14,841.18,844.22,847.25,850.29,853.33,856.37,859.42,862.46,865.50,868.55,871.60,874.64,877.69,880.74,883.79,886.84,889.90,892.95,896.01,899.06,902.12,905.18,908.24,911.30,914.36,917.42,920.48,923.55,926.61,929.68,932.74,935.81,938.88,941.95,945.02,948.10,951.17,954.24,957.32,960.40,963.47,966.55,969.63,972.71,975.79,978.88,981.96,985.05,988.13,991.22,994.31,997.40,1000.49,1003.58
397.32,0.0,0.15754992,0.2442197,0.30475175,0.35780165,0.38569704,0.40503514,0.41778374,0.4216627,0.4355841,0.43827814,0.4395858,0.45998052,0.484861,0.4915665,0.50205946,0.5125166,0.51771396,0.52433854,0.526022,0.5288576,0.5357142,0.53886133,0.53893006,0.53923494,0.54207224,0.5465438,0.54811174,0.55006707,0.5550639,0.54901356,0.54860413,0.5510564,0.55018806,0.546272,0.5333126,0.52251905,0.51049757,0.49694327,0.47897682,0.45890164,0.43255463,0.41321337,0.3958969,0.37819093,0.36353335,0.35702866,0.34808922,0.3465586,0.34097427,0.340155,0.3376871,0.3346865,0.33154297,0.33117777,0.3282239,0.3295633,0.3320848,0.33689693,0.33951142,0.34696266,0.35071668,0.3548133,0.3575888,0.36009407,0.3542669,0.350562,0.34992135,0.34654278,0.3407764,0.33594307,0.33242002,0.33018947,0.3301324,0.3293441,0.32917953,0.3290211,0.3269669,0.32119057,0.31309688,0.31088534,0.31357765,0.32344553,0.33606026,0.35331413,0.36680427,0.37733257,0.38399234,0.38458252,0.39709473,0.41681117,0.43258923,0.44308022,0.4520336,0.45734838,0.45292336,0.44216534,0.422151,0.37906995,0.30856854,0.23009002,0.12964952,0.02635621,-0.070535846,-0.15574628,-0.22645247,-0.28835937,-0.34174117,-0.39072338,-0.43173024,-0.46386057,-0.48859793,-0.51187676,-0.53084075,-0.5456664,-0.5565227,-0.5652919,-0.5730415,-0.578126,-0.58366835,-0.5873622,-0.5919901,-0.5912813,-0.5985249,-0.6078982,-0.60533357,-0.6034096,-0.6064851,-0.60645527,-0.60801387,-0.607442,-0.60937333,-0.6096329,-0.6118283,-0.61169887,-0.6123154,-0.6124929,-0.6138879,-0.61409765,-0.61580133,-0.61722285,-0.6183968,-0.61943626,-0.62103736,-0.6199567,-0.6209548,-0.62041336,-0.62364215,-0.622204,-0.62201256,-0.6224143,-0.6227748,-0.6237091,-0.6227002,-0.622642,-0.6249129,-0.62249565,-0.6244979,-0.622469,-0.6270482,-0.62656075,-0.62439466,-0.62673736,-0.6260924,-0.62508917,-0.62764025,-0.6264472,-0.62568873,-0.62377334,-0.6246074,-0.6301053,-0.6295401,-0.6291622,-0.62875825,-0.62169796,-0.6222652,-0.62760246,-0.6271518,-0.6210004,-0.61831176,-0.6235014,-0.64056563,-0.62280387,-0.63177735,-0.62770987,-0.63653666,-0.62979674,-0.6113493,-0.6156018,-0.6093834,-0.6040141,-0.6172921,-0.59847605,-0.61069286,-0.61513317,-0.6173641,-0.6002908,-0.61692905,-0.6119394,-0.6212445,-0.6109156,-0.61555487,-0.62341624,-0.44668272
400.20,-0.15754992,0.0,0.09040628,0.15512447,0.21316394,0.24409075,0.26569322,0.28007162,0.28441533,0.30019188,0.30323052,0.30475086,0.32792446,0.35659274,0.36435366,0.37658367,0.3887437,0.39488465,0.4025904,0.4046291,0.40799302,0.41604158,0.41979036,0.41986698,0.4201796,0.4235437,0.4288177,0.4306861,0.4330244,0.4388926,0.43171483,0.4313189,0.43418497,0.43325385,0.4286154,0.41347644,0.40095985,0.3870905,0.37156758,0.35108382,0.328338,0.29874194,0.27737024,0.25837696,0.23905832,0.22321695,0.2163645,0.20673382,0.20520526,0.1991669,0.19837473,0.19573976,0.1924972,0.18911457,0.18869127,0.1853876,0.18674767,0.1893541,0.19446796,0.19708839,0.20502758,0.20898065,0.21336757,0.21625967,0.2189014,0.21237296,0.20824458,0.20747657,0.20373683,0.19739741,0.19201875,0.18812227,0.18560557,0.18549164,0.18456025,0.18433219,0.18406571,0.18185955,0.17553914,0.16671917,0.16431423,0.16724081,0.17791276,0.19161744,0.21041188,0.2251519,0.23668845,0.2440387,0.24458276,0.25847918,0.28055057,0.29819432,0.310037,0.3201047,0.32612908,0.32105327,0.30883184,0.28622204,0.2381568,0.16114351,0.07766452,-0.026214253,-0.129707,-0.22376536,-0.30411017,-0.3691848,-0.42499766,-0.47228724,-0.51504,-0.5503135,-0.5776143,-0.5984926,-0.61798245,-0.6337854,-0.64607126,-0.65504265,-0.662278,-0.6686622,-0.6728439,-0.677412,-0.6804548,-0.68425995,-0.68370736,-0.68965465,-0.69733137,-0.69524425,-0.6936941,-0.6962174,-0.69621074,-0.6974901,-0.6970455,-0.69861895,-0.6988457,-0.7006487,-0.7005472,-0.7010511,-0.7012035,-0.7023411,-0.702516,-0.70391166,-0.70506537,-0.70602566,-0.70688087,-0.7081753,-0.7073088,-0.7081197,-0.7076872,-0.7103057,-0.7091361,-0.70899194,-0.70931935,-0.70962185,-0.7103744,-0.7095691,-0.709517,-0.71137124,-0.70941186,-0.71104187,-0.7093906,-0.7131103,-0.71270806,-0.7109523,-0.7128552,-0.712326,-0.7115236,-0.71358645,-0.71263236,-0.71201396,-0.7104635,-0.71113,-0.7155968,-0.715143,-0.7148215,-0.7145082,-0.70878744,-0.7092491,-0.713602,-0.71320075,-0.70821726,-0.7060472,-0.7101453,-0.7239425,-0.7096633,-0.71687067,-0.71363056,-0.7207371,-0.71533006,-0.7003269,-0.70384264,-0.69878256,-0.6944077,-0.70522845,-0.6899697,-0.6998698,-0.7034464,-0.70530903,-0.69143003,-0.7049616,-0.700881,-0.7083939,-0.70005465,-0.7037868,-0.7101311,-0.5634953
403.09,-0.2442197,-0.09040628,0.0,0.06572577,0.12541014,0.15757044,0.18002586,0.19510554,0.19971114,0.21629621,0.21951978,0.22113357,0.24567309,0.27616084,0.28438258,0.29753432,0.3106031,0.31718498,0.32552993,0.32775557,0.33139738,0.3401189,0.34415913,0.34424686,0.34457883,0.34824687,0.35396197,0.35598186,0.35852537,0.36484262,0.35711697,0.35670805,0.3598774,0.35890123,0.35389197,0.33767018,0.32430297,0.30955356,0.2931039,0.2714682,0.24753349,0.21656503,0.19440901,0.17484131,0.15495816,0.13875824,0.13184099,0.12201233,0.120553374,0.11435824,0.11359862,0.11093669,0.10759728,0.104152866,0.10368644,0.100222886,0.101565614,0.10413406,0.10929543,0.11183123,0.11988352,0.123837195,0.12827736,0.13115679,0.13380896,0.12697268,0.122620255,0.12178705,0.11787683,0.11129529,0.1056944,0.10162012,0.098967485,0.098793395,0.09777492,0.09750746,0.09715078,0.09487595,0.088341855,0.079255454,0.07679695,0.07978857,0.09070521,0.10473944,0.12411884,0.13928309,0.15119217,0.15879785,0.15930797,0.17376018,0.19683449,0.21527913,0.2277095,0.23827124,0.24462093,0.2392221,0.22634996,0.20260347,0.1523995,0.07307486,-0.011609497,-0.11526587,-0.216654,-0.30717182,-0.38325647,-0.44406077,-0.49565065,-0.53896165,-0.57780915,-0.6096312,-0.634103,-0.65275675,-0.6701197,-0.68414474,-0.6950246,-0.7029659,-0.7093586,-0.7150017,-0.71868706,-0.7227311,-0.7254227,-0.72878325,-0.7283034,-0.7335634,-0.7403296,-0.73849475,-0.7371376,-0.73936653,-0.73936915,-0.7404993,-0.740118,-0.7415072,-0.74171114,-0.7433052,-0.7432051,-0.74365485,-0.7437919,-0.7447956,-0.74495107,-0.7461838,-0.7471878,-0.7480514,-0.7487952,-0.7499321,-0.7491791,-0.7498892,-0.74951136,-0.7518089,-0.7507835,-0.7506604,-0.75094175,-0.75120676,-0.75187904,-0.75117284,-0.75111645,-0.7527484,-0.7510399,-0.7524693,-0.75101584,-0.75428355,-0.75393707,-0.7523953,-0.7540612,-0.7536053,-0.7528922,-0.75470155,-0.7538649,-0.7533292,-0.75197774,-0.7525528,-0.75647247,-0.75608337,-0.7557767,-0.7555089,-0.7505045,-0.7509125,-0.754721,-0.7543676,-0.75000364,-0.7480647,-0.75157046,-0.76375115,-0.75124705,-0.7575597,-0.7547047,-0.76093775,-0.75619286,-0.7430213,-0.74613017,-0.7416944,-0.7378579,-0.74739516,-0.73396885,-0.74267596,-0.7458058,-0.7474767,-0.7352332,-0.7471166,-0.7435615,-0.7501432,-0.74284375,-0.74605817,-0.7516688,-0.6214611
405.97,-0.30475175,-0.15512447,-0.06572577,0.0,0.060232285,0.09290885,0.1158365,0.13128358,0.13596393,0.15299155,0.15632735,0.15800238,0.18325238,0.2147797,0.22334099,0.2370183,0.25063553,0.25758058,0.266278,0.26864785,0.272477,0.28162542,0.2858733,0.28596002,0.28630632,0.2901493,0.29617408,0.29829907,0.30097976,0.3076022,0.2995192,0.2991175,0.30248585,0.30150136,0.29624772,0.2793313,0.26547378,0.2501932,0.23321012,0.21092486,0.18632747,0.15461995,0.1321163,0.112295985,0.09220248,0.075902686,0.0690225,0.059121065,0.057725348,0.051489383,0.050748892,0.04808597,0.044710167,0.041255917,0.04075951,0.03721893,0.038520828,0.041037954,0.04618656,0.04861731,0.05667269,0.060597267,0.06502051,0.0678637,0.070489705,0.063472204,0.05900504,0.058120992,0.05412162,0.04742939,0.041706428,0.03753465,0.03480679,0.034588616,0.033501934,0.03319708,0.03279046,0.030483777,0.023868393,0.01467777,0.0121822925,0.015200328,0.02618248,0.040332247,0.059929352,0.07525888,0.08731948,0.09504415,0.09551904,0.11024944,0.13382854,0.15270543,0.16544504,0.1762698,0.18282133,0.1772038,0.16395001,0.13956764,0.08832967,0.008110292,-0.0765539,-0.1789679,-0.27780497,-0.36493942,-0.43738595,-0.4947654,-0.54308444,-0.583414,-0.61940044,-0.6487383,-0.6712109,-0.6883134,-0.7041915,-0.7169923,-0.7269082,-0.7341333,-0.73994887,-0.74508816,-0.74844116,-0.7521197,-0.75457114,-0.7576202,-0.757194,-0.7619669,-0.7681171,-0.76645,-0.76522315,-0.7672636,-0.76727027,-0.7682926,-0.76795024,-0.76921415,-0.76939714,-0.7708484,-0.7707621,-0.7711692,-0.7712923,-0.77221453,-0.77234685,-0.7734754,-0.7743831,-0.77515686,-0.7758396,-0.77686256,-0.77618814,-0.7768231,-0.77648443,-0.77856123,-0.7776305,-0.77752435,-0.7777844,-0.77802336,-0.7786245,-0.77799326,-0.77793837,-0.7794264,-0.77787375,-0.7791775,-0.7778541,-0.7808192,-0.780504,-0.7791051,-0.7806228,-0.78019786,-0.7795585,-0.7811974,-0.7804329,-0.77995443,-0.7787184,-0.7792496,-0.78280956,-0.7824439,-0.7821765,-0.7819178,-0.77739537,-0.77776015,-0.78121275,-0.7808926,-0.77695364,-0.7751804,-0.77832973,-0.7892955,-0.7780238,-0.78372127,-0.78116345,-0.7867878,-0.78253174,-0.77054745,-0.77341706,-0.7693887,-0.7659082,-0.77456504,-0.76240486,-0.7703156,-0.7731422,-0.7746414,-0.7635617,-0.774349,-0.77110344,-0.7770399,-0.7704062,-0.7733726,-0.7783953,-0.6595524
408.85,-0.35780165,-0.21316394,-0.12541014,-0.060232285,0.0,0.0328987,0.056057934,0.071716495,0.07647723,0.09381158,0.097222045,0.098939024,0.12470203,0.15697722,0.16577995,0.17989476,0.19395381,0.20115653,0.21014991,0.21262306,0.21663429,0.22610205,0.23050587,0.23060627,0.23094971,0.23498063,0.24124165,0.24345633,0.24625322,0.25311345,0.24468464,0.24434173,0.24782057,0.24685414,0.2414527,0.22394066,0.20967528,0.19399315,0.17664228,0.15387586,0.12883998,0.096676104,0.07401949,0.054139007,0.034018457,0.017757809,0.010975614,0.001102104,-0.00021433999,-0.0064494787,-0.0071468516,-0.009795123,-0.013175298,-0.016607065,-0.017133448,-0.020734536,-0.019473808,-0.017036103,-0.011953046,-0.009643476,-0.001663741,0.0021831295,0.0065512448,0.009327087,0.011900107,0.004762628,0.00021700216,-0.0007065577,-0.00477056,-0.011522349,-0.01731517,-0.021548556,-0.024335563,-0.024607481,-0.025743557,-0.026091207,-0.026544888,-0.028865263,-0.03552186,-0.04473767,-0.047240574,-0.044239387,-0.033270583,-0.019141803,0.0005219629,0.015893484,0.02801696,0.03579094,0.036233768,0.05110533,0.075022385,0.09414401,0.107090876,0.118098885,0.124771476,0.119028315,0.105504766,0.08070524,0.028848335,-0.051617097,-0.1356533,-0.23618942,-0.33203438,-0.41557574,-0.48433924,-0.5383594,-0.58357644,-0.62110615,-0.65445393,-0.681552,-0.70221937,-0.71793574,-0.7324884,-0.744211,-0.7532838,-0.7598913,-0.7652073,-0.7699037,-0.772963,-0.7763393,-0.77858096,-0.78136533,-0.7809865,-0.78535664,-0.7909634,-0.78944653,-0.78833556,-0.7902046,-0.7902132,-0.79115283,-0.7908409,-0.7919941,-0.7921686,-0.7935005,-0.7934207,-0.7937888,-0.7939044,-0.7947496,-0.7948682,-0.79590166,-0.79672456,-0.79743826,-0.79805917,-0.79899216,-0.79837626,-0.79896224,-0.7986546,-0.80054903,-0.79970276,-0.7995997,-0.79983896,-0.800059,-0.8006075,-0.8000328,-0.79997665,-0.80133915,-0.799925,-0.80112237,-0.7999093,-0.80260766,-0.80232507,-0.8010443,-0.80243844,-0.8020484,-0.80146503,-0.8029577,-0.8022661,-0.8018297,-0.800711,-0.8011724,-0.8044347,-0.80408925,-0.80383605,-0.80360585,-0.79948837,-0.7998207,-0.8029638,-0.80266565,-0.79908514,-0.797427,-0.80021936,-0.8102698,-0.800019,-0.80519986,-0.80290353,-0.8079838,-0.8041283,-0.79318017,-0.7958443,-0.79217315,-0.7890319,-0.796915,-0.78582114,-0.79298747,-0.7955862,-0.7969847,-0.78682506,-0.7966992,-0.7937148,-0.79915035,-0.7931,-0.79577774,-0.80039096,-0.69137645
411.74,-0.38569704,-0.24409075,-0.15757044,-0.09290885,-0.0328987,0.0,0.023205675,0.038927887,0.04372408,0.061150085,0.06458592,0.066312246,0.09229273,0.12490152,0.13380498,0.148133,0.16237175,0.16969727,0.17884693,0.18137573,0.18548852,0.19512565,0.1996157,0.19971967,0.20006151,0.20418173,0.21056402,0.21282566,0.21568443,0.222693,0.21412368,0.2137787,0.21734463,0.21641657,0.21089712,0.19314723,0.17870255,0.1628569,0.14533806,0.12237906,0.09717973,0.06486086,0.042187266,0.022331601,0.0022411211,-0.013953821,-0.020666692,-0.030498818,-0.03177354,-0.037985276,-0.038664382,-0.041287918,-0.044666182,-0.04808811,-0.04862829,-0.052251235,-0.051017478,-0.048627034,-0.043599263,-0.04136508,-0.03344305,-0.029651301,-0.025332263,-0.022598965,-0.02006046,-0.027258977,-0.031835545,-0.032781042,-0.0368742,-0.04364537,-0.04946892,-0.05372822,-0.056540903,-0.056844063,-0.058008835,-0.05837931,-0.058863148,-0.061192684,-0.06784878,-0.07706006,-0.079567045,-0.07657628,-0.065646246,-0.05156372,-0.03192039,-0.016566614,-0.0044443063,0.00333934,0.0037604852,0.018677536,0.04269351,0.061902698,0.074929595,0.08600057,0.09271682,0.08691519,0.073289536,0.0483223,-0.0037201077,-0.084095255,-0.1675537,-0.26683986,-0.36085775,-0.4423068,-0.5089986,-0.56117785,-0.60470456,-0.6407315,-0.67265487,-0.6985612,-0.7182737,-0.733263,-0.7471226,-0.7582795,-0.7669054,-0.7731838,-0.77823704,-0.7826994,-0.7856105,-0.7888161,-0.79094845,-0.79359365,-0.7932247,-0.7973845,-0.8027214,-0.8012757,-0.8002187,-0.8019924,-0.80200833,-0.8028938,-0.8026062,-0.8036955,-0.803865,-0.8051293,-0.80505216,-0.805401,-0.8055112,-0.8063188,-0.80643415,-0.8074125,-0.8081898,-0.80886734,-0.8094545,-0.8103448,-0.80976224,-0.81031406,-0.8100193,-0.8118203,-0.81101596,-0.81092227,-0.81114215,-0.81135446,-0.8118824,-0.8113344,-0.8112772,-0.8125715,-0.8112307,-0.8123686,-0.8112128,-0.81377333,-0.81350493,-0.81230134,-0.8136048,-0.8132426,-0.8126898,-0.8141041,-0.8134435,-0.81303203,-0.81196165,-0.8124057,-0.8154934,-0.815181,-0.81493324,-0.81471086,-0.8108083,-0.8111271,-0.8141042,-0.8138286,-0.8104102,-0.80881953,-0.811428,-0.82097965,-0.8112862,-0.81616575,-0.81398785,-0.81883764,-0.81514615,-0.80473214,-0.8072877,-0.80379856,-0.8008595,-0.80834156,-0.7978104,-0.8046152,-0.80707973,-0.80840737,-0.79877114,-0.80813575,-0.8053112,-0.8104411,-0.80472314,-0.80723304,-0.8116199,-0.70776534
414.63,-0.40503514,-0.26569322,-0.18002586,-0.1158365,-0.056057934,-0.023205675,0.0,0.015740752,0.020542221,0.03801143,0.04146702,0.0432065,0.06927922,0.10206711,0.11102154,0.12546873,0.13983682,0.147257,0.15648416,0.15907349,0.16321574,0.17297736,0.17753334,0.17761473,0.17799056,0.18214995,0.18862408,0.19092946,0.19382466,0.20089713,0.19223732,0.19191524,0.19554764,0.194612,0.18906768,0.17115146,0.15661944,0.14067112,0.1230734,0.100007966,0.07470902,0.042297605,0.019624697,-0.00021040355,-0.020273525,-0.03641779,-0.043090932,-0.05290195,-0.054146077,-0.06034618,-0.061008144,-0.06362207,-0.06699818,-0.070407614,-0.070956126,-0.07459238,-0.073374875,-0.071017556,-0.06601751,-0.06382665,-0.0559485,-0.052191887,-0.0479009,-0.04519373,-0.04268437,-0.049915086,-0.05451015,-0.055469617,-0.05957781,-0.06634944,-0.07218517,-0.07645854,-0.079289116,-0.07961049,-0.08079714,-0.08117426,-0.081678,-0.08400513,-0.09065748,-0.099854834,-0.1023538,-0.09938021,-0.088489585,-0.07444643,-0.054826263,-0.039507765,-0.027396128,-0.019610938,-0.019204179,-0.0042722244,0.019788433,0.03903806,0.052098494,0.0631955,0.06995686,0.06412104,0.050426774,0.025374895,-0.026733136,-0.106962964,-0.18995045,-0.2882377,-0.38088992,-0.460792,-0.5259887,-0.57685125,-0.6191856,-0.65416485,-0.68510544,-0.7101765,-0.72924495,-0.74372816,-0.7571143,-0.76788163,-0.77620393,-0.7822619,-0.78713316,-0.7914371,-0.7942447,-0.7973371,-0.79939383,-0.8019413,-0.8015988,-0.8056025,-0.8107407,-0.8093447,-0.80833167,-0.8100483,-0.8100576,-0.8109131,-0.8106338,-0.811688,-0.81184906,-0.81306535,-0.81299675,-0.8133332,-0.8134402,-0.8142191,-0.81433016,-0.8152747,-0.81602246,-0.81666946,-0.81723773,-0.8180919,-0.8175332,-0.8180624,-0.81778455,-0.8195187,-0.8187424,-0.8186494,-0.81886685,-0.8190691,-0.8195778,-0.81904817,-0.81899226,-0.82024145,-0.81895137,-0.82004774,-0.8189295,-0.82139736,-0.82114,-0.8199758,-0.82124007,-0.8208882,-0.8203617,-0.8217195,-0.8210849,-0.8206917,-0.81966424,-0.8200812,-0.823064,-0.82275754,-0.8225096,-0.82230216,-0.8185417,-0.81884956,-0.8217194,-0.8214506,-0.81815404,-0.8166204,-0.8191164,-0.82831675,-0.81895745,-0.8236811,-0.821583,-0.8262433,-0.82267815,-0.8126596,-0.8151203,-0.81177294,-0.8089106,-0.8161451,-0.8059847,-0.81254625,-0.81491745,-0.8161962,-0.80692786,-0.8159517,-0.8131988,-0.81816113,-0.81262624,-0.8150775,-0.8192814,-0.71899647
417.52,-0.41778374,-0.28007162,-0.19510554,-0.13128358,-0.071716495,-0.038927887,-0.015740752,0.0,0.004805203,0.022293724,0.025754917,0.027501311,0.05362931,0.08652179,0.095521726,0.11004347,0.124481075,0.13197348,0.14126487,0.14387693,0.14806007,0.15788697,0.16248274,0.16258103,0.16294956,0.16715923,0.17368153,0.17600486,0.17892972,0.18606333,0.17734447,0.17702578,0.18069792,0.17977919,0.17419036,0.15616645,0.14156613,0.12555659,0.10790358,0.08477869,0.059441477,0.027007688,0.0043758214,-0.015414004,-0.03542181,-0.051497877,-0.058121633,-0.06789228,-0.069113545,-0.0752866,-0.075936705,-0.07853888,-0.08190782,-0.08530523,-0.08585882,-0.08950403,-0.08830439,-0.08597936,-0.08101858,-0.07887503,-0.07104585,-0.06732467,-0.0630713,-0.060398027,-0.05791307,-0.065173395,-0.06978023,-0.070754915,-0.07487511,-0.081649214,-0.087497175,-0.0917827,-0.09462389,-0.09496592,-0.096166454,-0.09656156,-0.0970812,-0.09941359,-0.106060825,-0.115241006,-0.11774263,-0.11478239,-0.103924625,-0.08992892,-0.07034518,-0.055055734,-0.04295588,-0.035180297,-0.03478295,-0.019846408,0.0042282483,0.023498995,0.03658548,0.047706667,0.05447741,0.04862298,0.03489273,0.009792519,-0.042336117,-0.12242186,-0.20502122,-0.30259517,-0.39426157,-0.47311258,-0.5372799,-0.58724886,-0.6287783,-0.6630354,-0.69331825,-0.7178372,-0.736459,-0.7506048,-0.763671,-0.77418077,-0.78229827,-0.7882047,-0.79295725,-0.79715264,-0.7998885,-0.8029065,-0.8049131,-0.80739576,-0.80705243,-0.81096125,-0.815981,-0.8146114,-0.81362337,-0.8152957,-0.81530625,-0.8161397,-0.81587034,-0.81689364,-0.81705177,-0.8182398,-0.81817114,-0.818501,-0.81860334,-0.8193625,-0.819472,-0.8203885,-0.82111627,-0.82175094,-0.8223045,-0.8231363,-0.82259035,-0.8231075,-0.822834,-0.82452714,-0.8237658,-0.82367665,-0.8238887,-0.8240869,-0.8245827,-0.82406324,-0.82400906,-0.825228,-0.82396865,-0.8250374,-0.8239478,-0.82635015,-0.82609904,-0.824969,-0.8262067,-0.82585424,-0.82533425,-0.82666534,-0.82604694,-0.8256552,-0.82465786,-0.825067,-0.8279651,-0.8276656,-0.8274408,-0.82722044,-0.82355726,-0.8238588,-0.8266592,-0.8263956,-0.82317364,-0.8216635,-0.8240852,-0.8330506,-0.8239469,-0.8285184,-0.82648104,-0.8310484,-0.8275872,-0.81777734,-0.8201975,-0.8169361,-0.81413054,-0.8212265,-0.8113009,-0.81770676,-0.82001424,-0.8212501,-0.81220704,-0.82101434,-0.8183282,-0.8231752,-0.81777585,-0.8201549,-0.824252,-0.72628033
420.40,-0.4216627,-0.28441533,-0.19971114,-0.13596393,-0.07647723,-0.04372408,-0.020542221,-0.004805203,0.0,0.017493844,0.020957122,0.022704732,0.048851933,0.081779666,0.090787,0.10535112,0.119815364,0.1273073,0.1366294,0.13924225,0.14344406,0.15331778,0.15791506,0.1580059,0.15838303,0.16259935,0.16914637,0.17148207,0.1744167,0.18156543,0.1728289,0.17250806,0.17618538,0.17527938,0.16968246,0.15163597,0.1370039,0.12097663,0.10330861,0.08016042,0.054799948,0.022344435,-0.0002912508,-0.020072773,-0.040075786,-0.056150164,-0.062759906,-0.07252667,-0.07373772,-0.07992059,-0.08056529,-0.08316336,-0.08653434,-0.08992963,-0.09048421,-0.094135255,-0.09294272,-0.09062047,-0.085670166,-0.08353722,-0.075712904,-0.07200198,-0.067752555,-0.065084495,-0.06260802,-0.06987333,-0.07448622,-0.07546499,-0.07959112,-0.08636829,-0.09221888,-0.096503615,-0.09935376,-0.09969743,-0.10090479,-0.101299964,-0.10182379,-0.1041505,-0.11080031,-0.119979545,-0.122480124,-0.11951378,-0.10866552,-0.09467524,-0.07509715,-0.05981033,-0.047715265,-0.039933044,-0.039541237,-0.024601048,-0.0005116388,0.01876712,0.03185894,0.04298436,0.04976411,0.0438986,0.03016216,0.0050459625,-0.047102317,-0.12715426,-0.2096603,-0.30703294,-0.39843464,-0.47697264,-0.540847,-0.5905601,-0.63184816,-0.66588956,-0.69596225,-0.7203119,-0.73880357,-0.7528488,-0.76582354,-0.7762465,-0.7843001,-0.7901581,-0.7948741,-0.79903746,-0.8017481,-0.8047355,-0.80672866,-0.8091906,-0.80885226,-0.8127263,-0.81768835,-0.8163332,-0.8153539,-0.8170113,-0.81702316,-0.8178483,-0.81757736,-0.8185938,-0.8187516,-0.81992805,-0.8198573,-0.8201811,-0.8202822,-0.8210375,-0.8211444,-0.8220537,-0.8227713,-0.8234041,-0.82394636,-0.8247709,-0.82423276,-0.82474357,-0.8244725,-0.826153,-0.8253962,-0.8253113,-0.8255196,-0.8257092,-0.8262079,-0.82569295,-0.82563424,-0.8268427,-0.8255944,-0.8266519,-0.82557416,-0.8279567,-0.8277043,-0.82658243,-0.82780105,-0.8274609,-0.82694465,-0.8282623,-0.82765186,-0.82725936,-0.8262629,-0.82667273,-0.82955486,-0.82924944,-0.8290224,-0.8288069,-0.8251762,-0.8254689,-0.82824725,-0.82798344,-0.82479143,-0.8232892,-0.8256486,-0.83455783,-0.82554066,-0.8301041,-0.8280481,-0.8325787,-0.829128,-0.81941587,-0.8218125,-0.8185827,-0.81582344,-0.822827,-0.8129994,-0.81936526,-0.8216227,-0.8228775,-0.8138897,-0.8226401,-0.81997466,-0.82475734,-0.8194031,-0.821789,-0.8258478,-0.7285789
423.29,-0.4355841,-0.30019188,-0.21629621,-0.15299155,-0.09381158,-0.061150085,-0.03801143,-0.022293724,-0.017493844,0.0,0.0034682497,0.0052187033,0.03140197,0.06440657,0.07344533,0.08808188,0.1026122,0.1101515,0.11953462,0.12217419,0.12641965,0.13634889,0.14099476,0.14108689,0.14146651,0.14572857,0.15232371,0.15467928,0.15764393,0.1648366,0.15603942,0.15574339,0.15945962,0.15856154,0.15293695,0.13478899,0.12010156,0.104015246,0.08630708,0.06310723,0.037717566,0.005250867,-0.017338749,-0.037068512,-0.05701149,-0.073014714,-0.07957468,-0.08929899,-0.09048512,-0.0966443,-0.097276665,-0.099860005,-0.10321981,-0.10660355,-0.10716903,-0.11082104,-0.10964454,-0.10735207,-0.102440715,-0.10035608,-0.092575766,-0.08890169,-0.08469182,-0.0820545,-0.07960511,-0.08688934,-0.09150922,-0.09249736,-0.09663011,-0.10340301,-0.10925477,-0.1135468,-0.11640619,-0.11676939,-0.11797875,-0.11838847,-0.11893162,-0.12125617,-0.12789218,-0.13704306,-0.13953896,-0.13658614,-0.12578118,-0.11185042,-0.092325024,-0.07708573,-0.06501192,-0.0572451,-0.056858107,-0.041929573,-0.017844684,0.0014353421,0.014536932,0.025672572,0.03246902,0.026585849,0.012822848,-0.0123195145,-0.06444162,-0.14425322,-0.22626297,-0.32276112,-0.41302463,-0.49034375,-0.55306375,-0.60177636,-0.6421656,-0.6754278,-0.7047772,-0.72852343,-0.7465401,-0.76021934,-0.7728488,-0.7829919,-0.7908281,-0.7965245,-0.80111396,-0.80515814,-0.8077964,-0.8107055,-0.8126437,-0.8150349,-0.81470627,-0.8184787,-0.8233008,-0.8219767,-0.82102823,-0.82264155,-0.8226517,-0.823455,-0.8231961,-0.8241765,-0.8243313,-0.8254759,-0.82540745,-0.82572645,-0.8258175,-0.8265547,-0.8266609,-0.8275433,-0.82824016,-0.82885474,-0.8293807,-0.8301794,-0.829653,-0.8301546,-0.8298883,-0.8315214,-0.83078873,-0.8307001,-0.83090734,-0.8310935,-0.8315755,-0.83107704,-0.8310166,-0.83218795,-0.83098066,-0.8320054,-0.83096164,-0.83327776,-0.83303326,-0.83194435,-0.83312994,-0.83279413,-0.83229494,-0.8335747,-0.8329805,-0.83260006,-0.8316285,-0.83202493,-0.8348228,-0.83452946,-0.8343027,-0.8341042,-0.830567,-0.8308421,-0.83355445,-0.833302,-0.83019847,-0.8287155,-0.8309996,-0.8396538,-0.8309106,-0.83532786,-0.83331126,-0.8377373,-0.834382,-0.8249167,-0.82728356,-0.824134,-0.8214563,-0.8282744,-0.8187118,-0.8248896,-0.8271036,-0.82832116,-0.8195828,-0.8280772,-0.8254792,-0.8301432,-0.82493496,-0.8272388,-0.83119017,-0.7364441
426.19,-0.43827814,-0.30323052,-0.21951978,-0.15632735,-0.097222045,-0.06458592,-0.04146702,-0.025754917,-0.020957122,-0.0034682497,0.0,0.0017510015,0.027938658,0.060964987,0.070015,0.08466026,0.09921327,0.10677276,0.11617262,0.11881387,0.1230757,0.13303268,0.13768907,0.13777925,0.1381606,0.14243306,0.14905415,0.15141988,0.15438999,0.16160494,0.1527875,0.15250151,0.1562308,0.15533829,0.14970072,0.13153799,0.11683917,0.100741014,0.083021425,0.05981007,0.034407735,0.0019296904,-0.020651046,-0.040372707,-0.060310517,-0.07629439,-0.0828466,-0.09256597,-0.09374467,-0.09990324,-0.10053001,-0.10310954,-0.10646849,-0.10985307,-0.11041937,-0.11407416,-0.11290018,-0.1106195,-0.10571538,-0.10363873,-0.09587435,-0.09220774,-0.08800525,-0.085374914,-0.08293315,-0.09022929,-0.0948521,-0.09584368,-0.09998828,-0.106763214,-0.11262622,-0.116928175,-0.11979343,-0.120160006,-0.121383086,-0.12179632,-0.122344926,-0.12467511,-0.13131043,-0.14046499,-0.1429574,-0.14001748,-0.12921555,-0.115283936,-0.0957595,-0.08051829,-0.06844678,-0.060673002,-0.060295336,-0.04535823,-0.021262411,-0.0019706849,0.011136938,0.022276536,0.029080704,0.023192542,0.009416132,-0.0157436,-0.06788021,-0.147689,-0.22965361,-0.32603222,-0.41609165,-0.49318475,-0.55568403,-0.6041874,-0.6443927,-0.6774844,-0.70668125,-0.73030037,-0.7482172,-0.76181763,-0.7743632,-0.7844521,-0.79223907,-0.7979013,-0.80245924,-0.8064812,-0.80910194,-0.8119922,-0.8139162,-0.81629294,-0.8159654,-0.8197108,-0.82451016,-0.8231925,-0.8222459,-0.8238531,-0.82386,-0.82465684,-0.8243996,-0.8253752,-0.82552826,-0.8266629,-0.8265985,-0.82691157,-0.82700557,-0.82773906,-0.8278405,-0.8287189,-0.829411,-0.83002204,-0.8305387,-0.8313419,-0.83081824,-0.83131415,-0.8310478,-0.83267,-0.83194435,-0.8318593,-0.8320555,-0.83224577,-0.83272403,-0.83222294,-0.83216786,-0.83333504,-0.8321322,-0.83315474,-0.8321104,-0.8344117,-0.8341655,-0.83308625,-0.83426374,-0.83392584,-0.83343565,-0.834708,-0.83411604,-0.8337339,-0.8327818,-0.8331662,-0.8359471,-0.8356603,-0.8354303,-0.83522063,-0.83171517,-0.8319905,-0.834685,-0.8344304,-0.8313447,-0.82986724,-0.83211887,-0.84073055,-0.83203334,-0.8364208,-0.8344335,-0.8388259,-0.83548456,-0.826082,-0.82843363,-0.8253019,-0.8226318,-0.829429,-0.8199186,-0.8260442,-0.8282509,-0.8294661,-0.82078207,-0.8292052,-0.826633,-0.831278,-0.8261106,-0.8283875,-0.83231264,-0.73808706
429.08,-0.4395858,-0.30475086,-0.22113357,-0.15800238,-0.098939024,-0.066312246,-0.0432065,-0.027501311,-0.022704732,-0.0052187033,-0.0017510015,0.0,0.026188621,0.05922107,0.06827467,0.08291995,0.09749626,0.10504863,0.11446372,0.11711393,0.121373236,0.13134432,0.13600549,0.13608904,0.13649179,0.14076185,0.14740428,0.14977808,0.15274072,0.1599628,0.15114458,0.15083934,0.15459636,0.15369351,0.1480653,0.12988359,0.11519363,0.0990901,0.08137943,0.058170382,0.03277453,0.00030925157,-0.02225254,-0.04196141,-0.061877236,-0.07785016,-0.0843908,-0.0941047,-0.09527078,-0.10142806,-0.1020502,-0.10463219,-0.10799069,-0.11137096,-0.11193974,-0.115596205,-0.11443077,-0.11215262,-0.10725956,-0.10519924,-0.097445585,-0.09378883,-0.0895996,-0.0869744,-0.08454289,-0.09185315,-0.09647896,-0.09747752,-0.101625614,-0.108404726,-0.11427487,-0.11857889,-0.12145013,-0.1218263,-0.1230586,-0.123475984,-0.124030255,-0.12636569,-0.13300379,-0.14215447,-0.14465135,-0.14171329,-0.13092247,-0.117000684,-0.097479336,-0.0822493,-0.07017793,-0.06241115,-0.062031962,-0.047096036,-0.023002947,-0.0037144746,0.009394148,0.020539064,0.027347684,0.021454144,0.0076735597,-0.017489849,-0.069631524,-0.14940953,-0.2313296,-0.32761273,-0.41756922,-0.49453104,-0.5569133,-0.60532385,-0.6454435,-0.67845476,-0.7075744,-0.73113513,-0.7490009,-0.762571,-0.7750849,-0.7851391,-0.7929097,-0.7985515,-0.8030992,-0.8071094,-0.8097219,-0.81260335,-0.8145241,-0.8168928,-0.8165657,-0.8203007,-0.82508504,-0.8237726,-0.82282645,-0.82442945,-0.82443595,-0.8252328,-0.8249709,-0.8259423,-0.82609916,-0.8272355,-0.8271651,-0.8274801,-0.8275736,-0.8283017,-0.82840556,-0.82927835,-0.8299677,-0.8305763,-0.8310975,-0.83189,-0.83137196,-0.83186626,-0.8316011,-0.83322346,-0.8324947,-0.83240527,-0.8326106,-0.83279103,-0.8332743,-0.83277094,-0.8327147,-0.8338793,-0.8326822,-0.8336987,-0.832658,-0.83494943,-0.8347128,-0.8336333,-0.83481324,-0.83447456,-0.8339773,-0.8352504,-0.8346601,-0.8342789,-0.8333264,-0.83371294,-0.836488,-0.83619565,-0.8359695,-0.8357646,-0.8322723,-0.8325415,-0.83522326,-0.83496994,-0.8318967,-0.830415,-0.83266854,-0.84125286,-0.8325691,-0.83695114,-0.83494776,-0.83934766,-0.836018,-0.82665974,-0.8290033,-0.825864,-0.82321155,-0.82998514,-0.8204989,-0.8266188,-0.8288046,-0.83002305,-0.8213739,-0.82976717,-0.82718915,-0.8318277,-0.8266577,-0.82893723,-0.83287066,-0.73884207
431.97,-0.45998052,-0.32792446,-0.24567309,-0.18325238,-0.12470203,-0.09229273,-0.06927922,-0.05362931,-0.048851933,-0.03140197,-0.027938658,-0.026188621,0.0,0.033091914,0.042178992,0.05689913,0.07153818,0.079155594,0.08864063,0.09131556,0.09561915,0.10567588,0.11038497,0.11048038,0.11087708,0.11519786,0.12188947,0.12429171,0.12730612,0.13458285,0.12570445,0.12541465,0.12922166,0.12834737,0.12267038,0.10437107,0.08960116,0.073441885,0.055681534,0.032433037,0.007021831,-0.025416283,-0.047884714,-0.06748211,-0.08728039,-0.10312607,-0.10958946,-0.119225554,-0.12035345,-0.12647453,-0.12707889,-0.12962624,-0.13296835,-0.13631986,-0.13690169,-0.14055607,-0.13941507,-0.13718478,-0.13235053,-0.13035433,-0.12268114,-0.11908404,-0.11495164,-0.11237254,-0.10998671,-0.11729731,-0.12193394,-0.122944504,-0.1270937,-0.13385047,-0.13971013,-0.14401683,-0.14689176,-0.14729166,-0.14853996,-0.1489774,-0.14955145,-0.15187357,-0.15848139,-0.16758282,-0.17007479,-0.16716373,-0.15645407,-0.1426386,-0.12322934,-0.10807867,-0.09606687,-0.08832983,-0.087962754,-0.07306775,-0.049011264,-0.029741999,-0.016635025,-0.0054891356,0.001329406,-0.004576833,-0.018377202,-0.0435384,-0.09556116,-0.17487633,-0.25594947,-0.3507804,-0.43893498,-0.51400214,-0.57461995,-0.621512,-0.66029364,-0.69214666,-0.7201894,-0.74285376,-0.760026,-0.77305675,-0.7850702,-0.7947158,-0.8021674,-0.8075755,-0.8119342,-0.8157777,-0.81828576,-0.82105184,-0.8228917,-0.82516456,-0.824849,-0.8284365,-0.8330321,-0.83176476,-0.8308592,-0.8323999,-0.8324069,-0.83317196,-0.8329263,-0.8338552,-0.8340041,-0.8350927,-0.83502996,-0.835331,-0.8354198,-0.8361193,-0.8362201,-0.8370553,-0.8377142,-0.83829963,-0.8387983,-0.8395584,-0.83906317,-0.8395345,-0.8392795,-0.84083384,-0.8401395,-0.8400548,-0.8402497,-0.8404212,-0.8408861,-0.8404053,-0.8403473,-0.84146047,-0.84031755,-0.8412911,-0.8402918,-0.84249103,-0.84225607,-0.84123,-0.8423563,-0.8420351,-0.8415571,-0.8427736,-0.8422048,-0.8418436,-0.8409296,-0.84129924,-0.8439569,-0.8436756,-0.8434593,-0.8432577,-0.83991057,-0.84017825,-0.8427524,-0.84250754,-0.8395545,-0.83812296,-0.8402639,-0.8484947,-0.8401897,-0.84437627,-0.84245944,-0.846688,-0.8434842,-0.8344937,-0.836753,-0.8337567,-0.83123755,-0.83770126,-0.8286114,-0.83447057,-0.8365759,-0.837741,-0.82943815,-0.83750033,-0.8350256,-0.83945626,-0.8345274,-0.8366907,-0.8404551,-0.75011593
434.87,-0.484861,-0.35659274,-0.27616084,-0.2147797,-0.15697722,-0.12490152,-0.10206711,-0.08652179,-0.081779666,-0.06440657,-0.060964987,-0.05922107,-0.033091914,0.0,0.009099992,0.023867276,0.03857142,0.04622536,0.055766966,0.05847595,0.06282396,0.07295461,0.07770794,0.07780113,0.0782099,0.082575105,0.08934166,0.0917702,0.09481427,0.10217337,0.09320638,0.092930466,0.09679016,0.09592737,0.09021645,0.07180086,0.056985166,0.040789194,0.023013633,-0.00021889599,-0.025574557,-0.057889696,-0.08017113,-0.09958249,-0.11917853,-0.13482748,-0.14116366,-0.15068653,-0.15176395,-0.15781301,-0.15839148,-0.16090792,-0.1642142,-0.1675366,-0.16811864,-0.17177378,-0.17066443,-0.16849945,-0.16376248,-0.1618585,-0.154311,-0.1508003,-0.14675032,-0.14424144,-0.14191493,-0.14922138,-0.15384299,-0.15487038,-0.159024,-0.16573375,-0.17157103,-0.17586519,-0.17874776,-0.1791688,-0.1804238,-0.18087798,-0.18146726,-0.18378451,-0.19033924,-0.19933584,-0.20180695,-0.19893444,-0.18835986,-0.17470327,-0.15548581,-0.14047731,-0.12856545,-0.12088831,-0.120534085,-0.10572592,-0.08178153,-0.06259337,-0.04952105,-0.038398292,-0.031579748,-0.03749401,-0.05128178,-0.07637796,-0.12811154,-0.20664126,-0.28646064,-0.37933418,-0.4650832,-0.5377314,-0.5961215,-0.6411301,-0.67825896,-0.70867544,-0.73541033,-0.7569923,-0.7733084,-0.7856928,-0.79709697,-0.80624974,-0.8133139,-0.8184428,-0.8225754,-0.8262191,-0.82859284,-0.83121365,-0.83296037,-0.8351138,-0.83481413,-0.83821857,-0.8425662,-0.84136415,-0.84051,-0.8419693,-0.84197956,-0.8426992,-0.84246784,-0.84334725,-0.8434932,-0.84452623,-0.8444624,-0.8447453,-0.8448318,-0.84549516,-0.8455925,-0.84638315,-0.8470073,-0.8475605,-0.84802616,-0.8487486,-0.84828186,-0.8487273,-0.8484864,-0.84995687,-0.8492989,-0.84922117,-0.84939945,-0.8495666,-0.85000676,-0.8495504,-0.84949344,-0.85054976,-0.8494673,-0.8503901,-0.8494445,-0.8515208,-0.85130036,-0.85032874,-0.8513937,-0.85109264,-0.85063946,-0.8517907,-0.85125595,-0.8509086,-0.85004157,-0.8503894,-0.8529044,-0.8526483,-0.85243034,-0.852244,-0.84907997,-0.84932846,-0.8517623,-0.85152787,-0.8487289,-0.84734726,-0.8493203,-0.8571372,-0.8492893,-0.85325193,-0.851445,-0.8554439,-0.8524076,-0.84387344,-0.8460349,-0.8432102,-0.8408037,-0.8469617,-0.83834153,-0.84390706,-0.8458813,-0.84699047,-0.83912605,-0.84675837,-0.844409,-0.84860027,-0.8439327,-0.8459763,-0.84953976,-0.76367575
437.76,-0.4915665,-0.36435366,-0.28438258,-0.22334099,-0.16577995,-0.13380498,-0.11102154,-0.095521726,-0.090787,-0.07344533,-0.070015,-0.06827467,-0.042178992,-0.009099992,0.0,0.014772026,0.029484358,0.037154265,0.046708483,0.049421113,0.053774003,0.06393176,0.068694115,0.06879177,0.069202475,0.073574774,0.08035987,0.08279846,0.08585199,0.09323347,0.0842442,0.0839782,0.08785009,0.08699218,0.08127628,0.06283129,0.04800061,0.031800408,0.014026896,-0.009197146,-0.03453313,-0.06680364,-0.08903198,-0.108386666,-0.12792079,-0.14350939,-0.14981893,-0.15931043,-0.16036949,-0.16640007,-0.16696914,-0.16947152,-0.17277303,-0.17607924,-0.17666797,-0.18031016,-0.17922328,-0.17707466,-0.17236169,-0.17048524,-0.1629741,-0.15948236,-0.15546544,-0.15297085,-0.15065986,-0.15797,-0.16259159,-0.16362536,-0.16777317,-0.17447118,-0.1803031,-0.18458876,-0.18746781,-0.18790391,-0.18916263,-0.18962207,-0.19021793,-0.1925289,-0.19906156,-0.20803264,-0.21049216,-0.20764367,-0.19710767,-0.18350008,-0.16433908,-0.14936985,-0.1374933,-0.12982263,-0.12947431,-0.11469214,-0.09078891,-0.071626514,-0.058565814,-0.047455385,-0.040636096,-0.046550676,-0.060328316,-0.08539971,-0.13704406,-0.21533266,-0.2948019,-0.3870905,-0.4721852,-0.544144,-0.6019133,-0.6464128,-0.6830837,-0.71310544,-0.7394855,-0.7607672,-0.77685714,-0.78906846,-0.8003046,-0.8093222,-0.8162847,-0.8213371,-0.82540977,-0.82900125,-0.8313413,-0.8339239,-0.8356459,-0.837768,-0.8374729,-0.8408275,-0.84510887,-0.8439299,-0.84308666,-0.84452695,-0.8445356,-0.8452455,-0.84501797,-0.8458843,-0.8460271,-0.84704345,-0.8469833,-0.8472615,-0.8473482,-0.8480031,-0.8480969,-0.84887624,-0.84948975,-0.8500355,-0.8504956,-0.8512097,-0.850747,-0.8511852,-0.8509464,-0.8523988,-0.851749,-0.8516718,-0.8518481,-0.8520129,-0.8524455,-0.8519949,-0.85193926,-0.85298353,-0.85191566,-0.8528239,-0.851892,-0.85394263,-0.85372114,-0.85276765,-0.8538145,-0.8535107,-0.8530683,-0.8542094,-0.8536784,-0.8533339,-0.8524847,-0.8528277,-0.8553107,-0.8550419,-0.85483277,-0.85464483,-0.85153496,-0.8517774,-0.8541715,-0.85393995,-0.8511852,-0.84983224,-0.8517575,-0.8594579,-0.85171974,-0.8556241,-0.8538509,-0.8577938,-0.8548108,-0.84638363,-0.84851986,-0.84572804,-0.8433729,-0.8494532,-0.84095824,-0.8464241,-0.8483878,-0.84947157,-0.84171915,-0.84925133,-0.8469162,-0.85107654,-0.8464617,-0.84847033,-0.85198015,-0.7673276
440.66,-0.50205946,-0.37658367,-0.29753432,-0.2370183,-0.17989476,-0.148133,-0.12546873,-0.11004347,-0.10535112,-0.08808188,-0.08466026,-0.08291995,-0.05689913,-0.023867276,-0.014772026,0.0,0.014725773,0.022404654,0.03197692,0.034699693,0.039074276,0.049257476,0.054041095,0.05413576,0.0545523,0.058944017,0.06576035,0.06820886,0.071275495,0.07868224,0.06966737,0.06940948,0.07330722,0.07246487,0.066737086,0.048250943,0.033405226,0.017199166,-0.0005710142,-0.023778504,-0.049077142,-0.08128218,-0.10340783,-0.12267053,-0.14210504,-0.15759963,-0.1638508,-0.1732771,-0.17431828,-0.18031871,-0.18087786,-0.18336233,-0.18664469,-0.18993677,-0.19052172,-0.19417249,-0.19309123,-0.19097576,-0.1863121,-0.18448035,-0.17702256,-0.17357872,-0.16960335,-0.16714005,-0.16485952,-0.17216747,-0.17678557,-0.17782629,-0.18197294,-0.18865179,-0.19447015,-0.19875194,-0.20163716,-0.20208468,-0.20334378,-0.20381562,-0.20442109,-0.20673063,-0.21323359,-0.22216542,-0.22461559,-0.22177996,-0.21130635,-0.1977727,-0.17870599,-0.16380271,-0.15196507,-0.14432459,-0.1439768,-0.12924346,-0.10540066,-0.08628103,-0.073241055,-0.062140793,-0.055324137,-0.061235335,-0.074997544,-0.10003127,-0.15151161,-0.22941738,-0.3083026,-0.39968482,-0.48367465,-0.5545367,-0.6112956,-0.6549455,-0.69087934,-0.7202609,-0.74604356,-0.7668491,-0.7825585,-0.7944883,-0.8054573,-0.8142592,-0.82104945,-0.82597417,-0.829949,-0.83345073,-0.8357309,-0.8382493,-0.83993083,-0.8419982,-0.84170425,-0.8449804,-0.8491613,-0.84799993,-0.84717923,-0.84858453,-0.8485938,-0.84928465,-0.8490618,-0.84990305,-0.85004395,-0.8510359,-0.8509783,-0.8512489,-0.85133,-0.8519716,-0.85206395,-0.8528203,-0.85341626,-0.853948,-0.8543973,-0.85508966,-0.8546406,-0.85506487,-0.85483235,-0.85625106,-0.85561544,-0.855539,-0.85571104,-0.85586935,-0.856299,-0.8558587,-0.85580057,-0.85681725,-0.8557754,-0.85665756,-0.85575235,-0.8577519,-0.85753167,-0.85660744,-0.8576248,-0.8573333,-0.85689986,-0.8580083,-0.8574934,-0.85715,-0.85632443,-0.8566511,-0.8590712,-0.85881567,-0.858607,-0.8584244,-0.8553898,-0.8556232,-0.8579616,-0.8577357,-0.8550467,-0.8536974,-0.85555655,-0.8630823,-0.8555361,-0.8593591,-0.8575992,-0.86145496,-0.8585368,-0.85030407,-0.8524022,-0.8496795,-0.8473882,-0.8533224,-0.8450295,-0.85037166,-0.8522775,-0.8533474,-0.8457779,-0.85312396,-0.8508442,-0.854892,-0.85039884,-0.85234654,-0.85577774,-0.7729705
