,397.32,400.20,403.09,405.97,408.85,411.74,414.63,417.52,420.40,423.29,426.19,429.08,431.97,434.87,437.76,440.66,443.56,446.45,449.35,452.25,455.16,458.06,460.96,463.87,466.77,469.68,472.59,475.50,478.41,481.32,484.23,487.14,490.06,492.97,495.89,498.80,501.72,504.64,507.56,510.48,513.40,516.33,519.25,522.18,525.10,528.03,530.96,533.89,536.82,539.75,542.68,545.62,548.55,551.49,554.43,557.36,560.30,563.24,566.18,569.12,572.07,575.01,577.96,580.90,583.85,586.80,589.75,592.70,595.65,598.60,601.55,604.51,607.46,610.42,613.38,616.34,619.30,622.26,625.22,628.18,631.15,634.11,637.08,640.04,643.01,645.98,648.95,651.92,654.89,657.87,660.84,663.81,666.79,669.77,672.75,675.73,678.71,681.69,684.67,687.65,690.64,693.62,696.61,699.60,702.58,705.57,708.57,711.56,714.55,717.54,720.54,723.53,726.53,729.53,732.53,735.53,738.53,741.53,744.53,747.54,750.54,753.55,756.56,759.56,762.57,765.58,768.60,771.61,774.62,777.64,780.65,783.67,786.68,789.70,792.72,795.74,798.77,801.79,804.81,807.84,810.86,813.89,816.92,819.95,822.98,826.01,829.04,832.07,835.11,838.14,841.18,844.22,847.25,850.29,853.33,856.37,859.42,862.46,865.50,868.55,871.60,874.64,877.69,880.74,883.79,886.84,889.90,892.95,896.01,899.06,902.12,905.18,908.24,911.30,914.36,917.42,920.48,923.55,926.61,929.68,932.74,935.81,938.88,941.95,945.02,948.10,951.17,954.24,957.32,960.40,963.47,966.55,969.63,972.71,975.79,978.88,981.96,985.05,988.13,991.22,994.31,997.40,1000.49,1003.58
397.32,0.0,0.15206252,0.23592368,0.28537607,0.329199,0.3540202,0.37787113,0.38644835,0.40021235,0.41011092,0.41297433,0.40722424,0.43269175,0.45067805,0.45502895,0.46773833,0.47398686,0.48017523,0.4818312,0.48313087,0.4839646,0.4884533,0.49092042,0.49425256,0.49638233,0.49734893,0.49996078,0.5006859,0.50480556,0.50632894,0.50260276,0.50109774,0.50337464,0.4976723,0.49244922,0.48066977,0.4704387,0.455165,0.43869022,0.4174147,0.39347234,0.3650125,0.34079346,0.3206865,0.30098474,0.28474882,0.27376184,0.2657779,0.2608197,0.25715113,0.25574845,0.2529992,0.25018194,0.24622667,0.24373648,0.2410134,0.24234197,0.24465027,0.24867977,0.25408742,0.26315153,0.26734447,0.2731179,0.27500334,0.27574632,0.27187273,0.27170086,0.27103797,0.2661373,0.25883442,0.25430036,0.250907,0.247606,0.24700244,0.24776676,0.25019872,0.25056395,0.24679436,0.23921904,0.23235615,0.22996809,0.23425524,0.24403058,0.259979,0.28016555,0.298602,0.31313664,0.3235002,0.32690513,0.34263775,0.36547953,0.38478735,0.3994813,0.40788206,0.40944242,0.40873674,0.39982346,0.37951404,0.33403125,0.25552443,0.16102238,0.04762204,-0.064941265,-0.1722064,-0.2594173,-0.3299499,-0.38732967,-0.43562648,-0.47848704,-0.51189554,-0.53874856,-0.562144,-0.5799512,-0.5948338,-0.60661626,-0.6160946,-0.6232452,-0.62905556,-0.6332118,-0.6371034,-0.6396596,-0.6420444,-0.643677,-0.64956653,-0.6517046,-0.6475445,-0.64830476,-0.65119344,-0.6528361,-0.65206146,-0.65378934,-0.65460354,-0.65567786,-0.6562894,-0.6558715,-0.6567584,-0.65637517,-0.65688443,-0.65780646,-0.65937984,-0.66045845,-0.66176873,-0.662621,-0.6605936,-0.6617313,-0.66243017,-0.66313136,-0.6636503,-0.66260064,-0.6622432,-0.66343766,-0.66509277,-0.66349894,-0.66479075,-0.66571474,-0.6661836,-0.665805,-0.6647085,-0.66798,-0.6694173,-0.6667523,-0.6677022,-0.6653886,-0.6677421,-0.666132,-0.66727114,-0.6668394,-0.66591406,-0.66733634,-0.6670292,-0.6618891,-0.66371006,-0.66312236,-0.66516453,-0.6588982,-0.66151214,-0.66086996,-0.6605008,-0.6568553,-0.6598148,-0.6439536,-0.6354621,-0.64777017,-0.64222085,-0.63422495,-0.63724273,-0.6341089,-0.6318599,-0.6409411,-0.6337201,-0.63342315,-0.628985,-0.63236755,-0.63089263,-0.6303996,-0.6298798,-0.6335876,-0.63075507,-0.6218443,-0.6284054,-0.63082886,-0.63723326,-0.6386007,-0.45842367
400.20,-0.15206252,0.0,0.087236665,0.13980672,0.18716817,0.21436499,0.24072802,0.25028822,0.26567075,0.27678668,0.2800002,0.27359334,0.30231246,0.32272312,0.32764217,0.3423016,0.3494735,0.35658675,0.35855722,0.36019853,0.36113614,0.36635607,0.36917666,0.3731089,0.3754986,0.37666506,0.37967905,0.38052207,0.38532692,0.3871151,0.38280126,0.38101593,0.38369906,0.37716705,0.37124646,0.35773748,0.34610716,0.32887793,0.31033972,0.28665757,0.2601912,0.22902465,0.20286398,0.18146314,0.16061285,0.14357628,0.13216348,0.12388517,0.11878212,0.114962585,0.11357145,0.11071851,0.10778706,0.10365558,0.10095825,0.09800191,0.09925355,0.10151354,0.105509415,0.11098018,0.120362446,0.124586016,0.13053092,0.13237059,0.1330406,0.12874232,0.12842485,0.12764555,0.12233626,0.1145255,0.10963286,0.10596777,0.10240702,0.101678334,0.102431394,0.10498473,0.10534376,0.10135968,0.093323536,0.086079985,0.08359313,0.08815441,0.0984953,0.11540433,0.13690256,0.15660244,0.17217124,0.18338779,0.18700774,0.20408446,0.22912554,0.25036108,0.26649916,0.2757285,0.2773538,0.27652735,0.26658115,0.24407063,0.19428194,0.11007752,0.011550815,-0.10325901,-0.21342647,-0.3150355,-0.3951752,-0.45845106,-0.5089191,-0.55072427,-0.58732915,-0.6155083,-0.6379457,-0.65737295,-0.672065,-0.684295,-0.693936,-0.7016808,-0.7075095,-0.7122414,-0.71563745,-0.7188051,-0.7208997,-0.72284263,-0.7241967,-0.7289817,-0.7307097,-0.7273631,-0.7280053,-0.7303652,-0.73170346,-0.7310775,-0.7324896,-0.7331556,-0.73402816,-0.73452747,-0.7341866,-0.7349174,-0.7346052,-0.7350109,-0.7357712,-0.7370433,-0.73791975,-0.7389714,-0.7396612,-0.73803,-0.73895,-0.7395234,-0.7400861,-0.7405048,-0.73967165,-0.7393846,-0.74034226,-0.74168736,-0.7403844,-0.7414329,-0.7421883,-0.7425613,-0.74225914,-0.7413773,-0.7440134,-0.7451674,-0.74303097,-0.7437926,-0.7419251,-0.7438192,-0.74252737,-0.7434469,-0.7431006,-0.7423693,-0.7435045,-0.7432446,-0.7391111,-0.7405742,-0.74009216,-0.7417447,-0.7366845,-0.7387832,-0.7382905,-0.73799896,-0.7350432,-0.73741245,-0.7245042,-0.71764797,-0.7276396,-0.7231855,-0.716596,-0.7190689,-0.7165269,-0.71473855,-0.7221275,-0.71626866,-0.7160032,-0.7124215,-0.7152105,-0.714003,-0.7135695,-0.71309775,-0.7161832,-0.71387213,-0.7066108,-0.71184844,-0.713892,-0.71909237,-0.72024477,-0.570176
403.09,-0.23592368,-0.087236665,0.0,0.05328947,0.10174143,0.12980437,0.15716992,0.16710417,0.18316685,0.19483258,0.19822724,0.1915468,0.22171386,0.2432296,0.24844444,0.26404628,0.27169394,0.27931505,0.28141406,0.28321084,0.28424603,0.28984687,0.29288,0.29711175,0.2996378,0.30090094,0.30412576,0.30502263,0.3102077,0.31214336,0.30753434,0.30559123,0.3085274,0.30157062,0.29532155,0.2809922,0.26872784,0.25059554,0.23113018,0.2064157,0.17895658,0.14676209,0.11998142,0.09824918,0.077156514,0.060006652,0.048583414,0.04030434,0.03521965,0.031387083,0.03005007,0.027184224,0.02424038,0.020081235,0.017309284,0.014262151,0.015439017,0.017608017,0.021482425,0.026866747,0.03623215,0.04035146,0.046278197,0.048027046,0.048605315,0.044113986,0.043697264,0.04285562,0.037383582,0.029402433,0.024376545,0.020602288,0.016935706,0.016124886,0.01682803,0.01938456,0.019717056,0.015649736,0.007492883,0.00015599323,-0.002344565,0.0022566312,0.01271383,0.02986105,0.05171316,0.07178209,0.087681875,0.09918761,0.10285962,0.12043599,0.14632304,0.16833436,0.18506008,0.19466677,0.19627579,0.19537796,0.18494734,0.16152859,0.11009121,0.024123777,-0.07482849,-0.18813749,-0.29475802,-0.39130038,-0.46620712,-0.52458495,-0.5706693,-0.6085325,-0.64147276,-0.6666651,-0.6866512,-0.703887,-0.7168869,-0.72768724,-0.7361875,-0.74300915,-0.7481355,-0.75230056,-0.7552909,-0.75807846,-0.7599226,-0.76163465,-0.7628327,-0.76702845,-0.76854604,-0.7656274,-0.76620215,-0.76827836,-0.76946163,-0.7689146,-0.7701509,-0.7707367,-0.7715085,-0.7719454,-0.7716465,-0.7722921,-0.77202326,-0.7723727,-0.77304024,-0.7741649,-0.7749289,-0.77584887,-0.7764616,-0.77502424,-0.77583104,-0.77633715,-0.7768291,-0.7772017,-0.7764652,-0.7762179,-0.77705,-0.77823806,-0.7770963,-0.77801275,-0.77867204,-0.77900606,-0.7787357,-0.77796715,-0.7802758,-0.78128093,-0.7794138,-0.7800852,-0.77844965,-0.7801096,-0.7789713,-0.77978194,-0.7794798,-0.7788565,-0.7798363,-0.77959263,-0.7759872,-0.7772624,-0.776832,-0.77829707,-0.7738496,-0.77568394,-0.7752623,-0.7749994,-0.77241135,-0.7744712,-0.7630742,-0.7570584,-0.765861,-0.7619443,-0.75612354,-0.7583229,-0.7560803,-0.7545431,-0.76100314,-0.75589055,-0.75564915,-0.7525059,-0.75497335,-0.7539189,-0.75349504,-0.75307703,-0.75578624,-0.7537554,-0.74735177,-0.7519537,-0.7537343,-0.7583433,-0.75935864,-0.62571025
405.97,-0.28537607,-0.13980672,-0.05328947,0.0,0.048745047,0.07711378,0.10489635,0.11498203,0.13133924,0.14325587,0.14672938,0.13991122,0.17077115,0.19284743,0.19821098,0.21426496,0.22220232,0.23005864,0.23223151,0.23413609,0.23518422,0.24099794,0.24411558,0.24851991,0.25111523,0.25242805,0.25577626,0.25671002,0.26208696,0.26408207,0.25934744,0.2573199,0.26038653,0.25319865,0.24677336,0.23202413,0.21942422,0.20083643,0.18096381,0.1557956,0.1279117,0.09535093,0.06843187,0.046682555,0.02563314,0.008562434,-0.0027570408,-0.010970633,-0.01598486,-0.01978674,-0.021080859,-0.023933249,-0.026857927,-0.031006113,-0.03380488,-0.03689269,-0.035778955,-0.033687614,-0.02992899,-0.02464941,-0.015383369,-0.011374225,-0.005522331,-0.003853675,-0.0033416387,-0.007926994,-0.008411155,-0.009289982,-0.014828536,-0.022858381,-0.027932802,-0.03175116,-0.03545864,-0.036325045,-0.035667136,-0.03313757,-0.032833084,-0.036926545,-0.04509591,-0.052429687,-0.054928236,-0.05034467,-0.039903067,-0.022757933,-0.0008701152,0.01927419,0.035244387,0.046837594,0.050524455,0.06826134,0.09449342,0.11683474,0.13380456,0.14356422,0.1451707,0.14423455,0.13359773,0.109783225,0.057681367,-0.028697845,-0.12710749,-0.23859788,-0.34229168,-0.43518934,-0.50658303,-0.56182754,-0.6051863,-0.6406553,-0.67140234,-0.694831,-0.7133799,-0.7293526,-0.74137276,-0.7513576,-0.75920403,-0.76550263,-0.7702274,-0.77407193,-0.77683616,-0.7794023,-0.7811071,-0.78268856,-0.78380495,-0.7876652,-0.7890588,-0.7863879,-0.78692454,-0.7888416,-0.7899321,-0.7894348,-0.79057896,-0.7911189,-0.7918287,-0.7922317,-0.7919535,-0.79255265,-0.7923078,-0.7926297,-0.79324573,-0.79427963,-0.7949872,-0.79583037,-0.7963956,-0.7950734,-0.79582083,-0.79628426,-0.79673725,-0.79707766,-0.7963974,-0.7961775,-0.79694366,-0.7980362,-0.7969804,-0.7978232,-0.7984373,-0.7987463,-0.7984946,-0.7977834,-0.79991215,-0.8008452,-0.79912376,-0.79973876,-0.7982373,-0.7997567,-0.79871655,-0.7994731,-0.7991831,-0.79859984,-0.79951686,-0.79929227,-0.7959764,-0.7971559,-0.79675406,-0.7980982,-0.7939927,-0.7956926,-0.79530394,-0.79508215,-0.79269624,-0.7946013,-0.78406924,-0.77853143,-0.78663087,-0.78304887,-0.7776384,-0.7796773,-0.7776169,-0.77618265,-0.7821858,-0.7774549,-0.7772215,-0.77433,-0.77661854,-0.77565044,-0.7752489,-0.7748977,-0.777362,-0.77548474,-0.7695709,-0.773836,-0.7754455,-0.7797202,-0.7806446,-0.6567028
408.85,-0.329199,-0.18716817,-0.10174143,-0.048745047,0.0,0.028493369,0.056484573,0.06668622,0.083241716,0.095328055,0.09883861,0.09195959,0.12327744,0.14577138,0.15124714,0.16768034,0.17580739,0.18387705,0.18611997,0.18811809,0.18921922,0.1951786,0.19839704,0.20292994,0.20558593,0.20695117,0.21037763,0.21135865,0.21687853,0.21895346,0.2140924,0.2120112,0.21518388,0.20784234,0.201301,0.18621518,0.17337508,0.1544608,0.13428885,0.10880857,0.080661565,0.047866028,0.02091307,-0.0007696548,-0.021719625,-0.03865502,-0.049852535,-0.057976633,-0.06292232,-0.06669069,-0.06794039,-0.070769556,-0.073670655,-0.07779425,-0.080601506,-0.0837128,-0.08265281,-0.08064041,-0.07699301,-0.071828716,-0.06268075,-0.05878,-0.053016875,-0.05142563,-0.050980225,-0.055627044,-0.056173407,-0.057089217,-0.062662594,-0.07070247,-0.07580344,-0.07964882,-0.08337809,-0.08429512,-0.083678596,-0.08118866,-0.08090945,-0.085007384,-0.09315673,-0.10045846,-0.102943376,-0.098402165,-0.08801717,-0.070942245,-0.04911531,-0.0289893,-0.01301311,-0.0013815665,0.0022996485,0.02011158,0.046545304,0.06907802,0.0862246,0.09607969,0.09767057,0.09670553,0.08591945,0.06183674,0.009370849,-0.0770069,-0.17451043,-0.283894,-0.3845668,-0.47386494,-0.54192394,-0.59424734,-0.63510865,-0.6684053,-0.69717157,-0.7190362,-0.73630553,-0.7511563,-0.76231724,-0.7715831,-0.7788569,-0.7846968,-0.7890698,-0.7926258,-0.7951893,-0.79756814,-0.79914516,-0.8006129,-0.80164325,-0.8052135,-0.8065047,-0.8040482,-0.80454546,-0.8063199,-0.80733055,-0.80686885,-0.8079273,-0.8084295,-0.80908763,-0.8094618,-0.80920684,-0.80976105,-0.8095337,-0.80982786,-0.81039995,-0.8113574,-0.81200635,-0.8127884,-0.8133105,-0.81208915,-0.812781,-0.81320864,-0.81363094,-0.81394714,-0.8133179,-0.81311214,-0.81381226,-0.81483454,-0.8138552,-0.8146374,-0.8151997,-0.8154869,-0.8152495,-0.8145954,-0.816568,-0.817428,-0.81583756,-0.81641257,-0.81501675,-0.8164209,-0.8154551,-0.81615674,-0.81589603,-0.81536156,-0.8162019,-0.81598717,-0.8129211,-0.81402355,-0.8136425,-0.8148846,-0.8110833,-0.81264883,-0.81230754,-0.8120919,-0.8098724,-0.811615,-0.80182487,-0.7966716,-0.80424124,-0.8009256,-0.7958752,-0.79774535,-0.79583603,-0.7945424,-0.80009806,-0.79573005,-0.79547876,-0.792837,-0.7949737,-0.79405934,-0.7936987,-0.7933448,-0.7956384,-0.7939101,-0.7884282,-0.79235524,-0.79384726,-0.7977941,-0.7986673,-0.6831094
411.74,-0.3540202,-0.21436499,-0.12980437,-0.07711378,-0.028493369,0.0,0.028059933,0.03829244,0.054928727,0.06707721,0.070625044,0.06370976,0.09524072,0.11794262,0.12346685,0.14009207,0.14832102,0.15649553,0.15878123,0.16082746,0.1619484,0.16798607,0.17126629,0.17587037,0.17855334,0.17993975,0.18343449,0.18442182,0.19002524,0.1921422,0.18722221,0.1851172,0.18832894,0.18089841,0.17430173,0.15904938,0.14609347,0.12702213,0.10671309,0.081110135,0.05287904,0.02004114,-0.0068479916,-0.02843239,-0.049256984,-0.06605825,-0.07714332,-0.08519156,-0.09007803,-0.09381245,-0.09503234,-0.097842276,-0.1007236,-0.10481628,-0.10763027,-0.11074904,-0.10973073,-0.10777634,-0.10421222,-0.099134624,-0.09008283,-0.08626709,-0.080580436,-0.07904483,-0.07864826,-0.083332844,-0.08391763,-0.084853545,-0.0904459,-0.09847925,-0.10359368,-0.10744965,-0.11119839,-0.11214417,-0.111562364,-0.10910878,-0.10885093,-0.11295395,-0.121079385,-0.12835464,-0.13082883,-0.12632327,-0.116001785,-0.09900503,-0.07725515,-0.057182703,-0.041231513,-0.029603923,-0.02593022,-0.008110508,0.018382197,0.040998098,0.058201708,0.06810184,0.06968149,0.06871809,0.05785119,0.033662397,-0.018918017,-0.10512792,-0.20192303,-0.30990273,-0.40866315,-0.49576768,-0.5618307,-0.6124418,-0.6518399,-0.6838711,-0.7114959,-0.732461,-0.7490061,-0.76321983,-0.7738948,-0.7827512,-0.7897002,-0.79527736,-0.7994558,-0.80285007,-0.8053015,-0.80757076,-0.8090819,-0.8104802,-0.8114658,-0.81487,-0.8160997,-0.81375223,-0.81423277,-0.815933,-0.8168979,-0.8164551,-0.8174686,-0.81794745,-0.8185735,-0.8189341,-0.8186856,-0.81921816,-0.81900203,-0.81928474,-0.8198312,-0.8207454,-0.82136613,-0.82210857,-0.82261044,-0.8214424,-0.82210135,-0.8225093,-0.8229084,-0.823215,-0.82261217,-0.82242143,-0.82308674,-0.82406247,-0.823124,-0.82387465,-0.82441574,-0.8246909,-0.8244614,-0.82383686,-0.82572144,-0.82653856,-0.82502365,-0.8255623,-0.8242342,-0.8255758,-0.824655,-0.8253235,-0.82507986,-0.8245652,-0.8253575,-0.8251547,-0.8222351,-0.82327765,-0.8229174,-0.82410735,-0.82047147,-0.8219691,-0.821638,-0.8214438,-0.8193054,-0.8209535,-0.811573,-0.8066682,-0.81389457,-0.8107362,-0.8059024,-0.80767876,-0.80585414,-0.80461437,-0.809919,-0.8057635,-0.80553526,-0.8030066,-0.80504555,-0.8041685,-0.80381674,-0.80347437,-0.80568486,-0.80400455,-0.79876906,-0.8025184,-0.803973,-0.8077365,-0.8085695,-0.6977372
414.63,-0.37787113,-0.24072802,-0.15716992,-0.10489635,-0.056484573,-0.028059933,0.0,0.010239534,0.026916215,0.039114054,0.04267932,0.035740152,0.06742264,0.09027795,0.09584314,0.112616576,0.12094058,0.12921081,0.13151754,0.1335994,0.13474299,0.14085849,0.14417376,0.14883079,0.1515509,0.15296784,0.1564973,0.15749234,0.16318302,0.16533647,0.16034858,0.15822224,0.16147909,0.15396862,0.14731838,0.13192716,0.118877806,0.09969056,0.07929202,0.053623907,0.025373507,-0.007430999,-0.034182645,-0.05560969,-0.07625076,-0.09287674,-0.10381751,-0.11177393,-0.11658707,-0.12027477,-0.12146415,-0.124242134,-0.12709597,-0.13115638,-0.13396733,-0.13708816,-0.13611378,-0.13421927,-0.13075814,-0.12577888,-0.11684773,-0.11313293,-0.107529014,-0.10605987,-0.10571248,-0.11042888,-0.11105428,-0.11202035,-0.11761472,-0.12562391,-0.13074432,-0.13460994,-0.13835855,-0.13934089,-0.13880008,-0.13639031,-0.13615909,-0.14026259,-0.1483465,-0.15557636,-0.15803926,-0.15358596,-0.14336014,-0.12647635,-0.104854934,-0.08487919,-0.068992026,-0.05739035,-0.053737,-0.03594377,-0.009445642,0.01319748,0.030433808,0.040353548,0.041927297,0.040951878,0.030041799,0.0057949377,-0.04678781,-0.13264099,-0.2285466,-0.33491436,-0.43163657,-0.51647884,-0.5805415,-0.62944794,-0.6674233,-0.6982288,-0.72476,-0.7448657,-0.76071674,-0.7743322,-0.78454506,-0.7930156,-0.7996591,-0.80499464,-0.80898714,-0.8122342,-0.8145797,-0.8167506,-0.81819445,-0.8195323,-0.82047933,-0.82373327,-0.82490134,-0.82266325,-0.8231293,-0.82475585,-0.82568026,-0.8252604,-0.82623005,-0.8266882,-0.8272865,-0.82763183,-0.82739234,-0.8279058,-0.82770145,-0.82796586,-0.82848936,-0.8293648,-0.8299585,-0.83066785,-0.83115137,-0.83003414,-0.8306626,-0.83105266,-0.8314353,-0.8317287,-0.8311474,-0.8309671,-0.8316052,-0.8325397,-0.8316451,-0.8323563,-0.8328722,-0.8331409,-0.8329209,-0.83231986,-0.8341228,-0.834902,-0.83345646,-0.8339742,-0.8327017,-0.83398265,-0.8331044,-0.8337543,-0.8335106,-0.8330239,-0.8337825,-0.8335792,-0.8307957,-0.8317954,-0.83144766,-0.8325834,-0.8290963,-0.8305344,-0.83022463,-0.83004075,-0.82800245,-0.82957107,-0.8205782,-0.8158679,-0.8227895,-0.81977355,-0.81512517,-0.8168326,-0.8151066,-0.8139278,-0.8190071,-0.81502897,-0.814814,-0.8124032,-0.8143604,-0.81354374,-0.8131778,-0.8128341,-0.8149419,-0.8133414,-0.80833983,-0.8119503,-0.8133143,-0.81691056,-0.8177076,-0.71143603
417.52,-0.38644835,-0.25028822,-0.16710417,-0.11498203,-0.06668622,-0.03829244,-0.010239534,0.0,0.016687503,0.028891964,0.032459978,0.02551764,0.057245325,0.080154106,0.08572938,0.10256014,0.11091065,0.11921027,0.12153602,0.123634934,0.12478461,0.13092875,0.13425751,0.1389542,0.14167178,0.14309528,0.14664812,0.14765014,0.15334994,0.1555241,0.15052445,0.14838232,0.15167043,0.14414126,0.1374675,0.12202647,0.10894778,0.089714356,0.069285825,0.043583933,0.015316338,-0.017493827,-0.04421807,-0.06560435,-0.08620507,-0.102782965,-0.11369212,-0.1216201,-0.1264127,-0.13009226,-0.13126963,-0.13404357,-0.1368886,-0.14093891,-0.14374639,-0.14687113,-0.14590386,-0.1440337,-0.14059359,-0.13564232,-0.12674476,-0.1230568,-0.11747942,-0.116025105,-0.11569331,-0.12041469,-0.12105206,-0.12201773,-0.12761788,-0.13561547,-0.14073114,-0.14459823,-0.14835033,-0.1493408,-0.14880824,-0.14640628,-0.14618267,-0.1502796,-0.15834539,-0.16555387,-0.1680145,-0.16357824,-0.15337168,-0.13652456,-0.11495495,-0.09501209,-0.07913979,-0.06755335,-0.06390207,-0.04611988,-0.019622687,0.0030285246,0.020277781,0.03020743,0.031775728,0.030798605,0.019873902,-0.0043930765,-0.056972515,-0.14269893,-0.23825496,-0.34404492,-0.44000697,-0.5240123,-0.5873473,-0.63563275,-0.6730829,-0.703452,-0.72958595,-0.7493792,-0.7649798,-0.7783734,-0.78841585,-0.79674715,-0.8032826,-0.80852455,-0.8124504,-0.8156421,-0.817947,-0.8200769,-0.82149583,-0.8228096,-0.8237403,-0.8269319,-0.8280835,-0.8258844,-0.8263414,-0.82794064,-0.828851,-0.82843614,-0.82938975,-0.8298391,-0.8304285,-0.8307666,-0.83052915,-0.83103544,-0.8308313,-0.8310959,-0.8316073,-0.832465,-0.833047,-0.83374715,-0.8342187,-0.8331216,-0.83373994,-0.83412516,-0.83450055,-0.83478683,-0.83421946,-0.8340425,-0.8346655,-0.83558524,-0.8347047,-0.83540183,-0.83591723,-0.8361719,-0.8359596,-0.8353682,-0.8371402,-0.83790845,-0.83648574,-0.83699346,-0.8357442,-0.83700347,-0.8361408,-0.8367777,-0.836536,-0.8360595,-0.8368065,-0.83660924,-0.83386946,-0.83484966,-0.8344978,-0.83562046,-0.8321955,-0.83360064,-0.83330846,-0.83312386,-0.83111495,-0.83265173,-0.823787,-0.81915843,-0.82596,-0.82301766,-0.81843334,-0.82009506,-0.81839365,-0.817243,-0.82224244,-0.81834805,-0.818116,-0.81575716,-0.8176896,-0.8168684,-0.8165087,-0.81617427,-0.81825304,-0.8166607,-0.811755,-0.8152921,-0.8166432,-0.8201829,-0.8209549,-0.71627855
420.40,-0.40021235,-0.26567075,-0.18316685,-0.13133924,-0.083241716,-0.054928727,-0.026916215,-0.016687503,0.0,0.012214099,0.015786195,0.008842218,0.040615086,0.06358571,0.069184996,0.08607956,0.09447132,0.10281966,0.105164185,0.10728173,0.10844282,0.1146259,0.11798231,0.12271449,0.12544765,0.12688039,0.1304613,0.13146946,0.13720109,0.13939905,0.13436574,0.13222007,0.13552564,0.12797506,0.12127874,0.1057771,0.0926533,0.073380515,0.052926324,0.027210591,-0.0010395737,-0.033801764,-0.06042556,-0.08170395,-0.1021927,-0.11865535,-0.12947157,-0.13734587,-0.14209527,-0.14574794,-0.1469041,-0.14966048,-0.15249015,-0.15651803,-0.15932189,-0.16244856,-0.16150181,-0.15966867,-0.156286,-0.15140003,-0.14257519,-0.13894702,-0.13342583,-0.1320117,-0.13171168,-0.13645361,-0.13711216,-0.13809429,-0.14369586,-0.15168037,-0.15679285,-0.16066137,-0.16441798,-0.16543458,-0.16492887,-0.16256095,-0.1623523,-0.16644621,-0.17448631,-0.18166395,-0.18412422,-0.17972003,-0.16957453,-0.15280269,-0.13132289,-0.1114496,-0.09562582,-0.08406637,-0.08042372,-0.062673345,-0.03619502,-0.013545786,0.0037102883,0.01364592,0.015211819,0.014231273,0.0032891217,-0.020991722,-0.07352702,-0.15898688,-0.2539638,-0.35874578,-0.4534643,-0.5361125,-0.59827006,-0.64554125,-0.6821638,-0.7118169,-0.7373111,-0.7566036,-0.77179897,-0.7848427,-0.79462045,-0.80272526,-0.80908227,-0.81418127,-0.81799805,-0.82110053,-0.8233425,-0.8254142,-0.8267913,-0.8280686,-0.82896703,-0.8320743,-0.83318996,-0.8310515,-0.83149713,-0.8330517,-0.8339353,-0.83353156,-0.8344607,-0.83489424,-0.8354672,-0.8357948,-0.8355661,-0.8360567,-0.8358583,-0.83611256,-0.8366133,-0.837446,-0.8380145,-0.8386919,-0.8391534,-0.8380821,-0.838688,-0.8390614,-0.83942354,-0.83970517,-0.8391517,-0.8389762,-0.83958346,-0.84047884,-0.8396232,-0.8403007,-0.8407994,-0.8410469,-0.8408433,-0.8402681,-0.8419882,-0.8427358,-0.8413528,-0.84184504,-0.84062743,-0.8418524,-0.84101576,-0.8416329,-0.8414021,-0.84093356,-0.8416562,-0.8414671,-0.8388048,-0.83975726,-0.83941144,-0.84050745,-0.8371678,-0.8385415,-0.8382532,-0.838073,-0.836106,-0.8375877,-0.8289501,-0.82445353,-0.83107036,-0.82821167,-0.8237191,-0.82537526,-0.8236903,-0.8225736,-0.8274158,-0.8236533,-0.82344043,-0.82115436,-0.8230243,-0.82224315,-0.8218696,-0.8215579,-0.82358325,-0.8220471,-0.8172287,-0.8206825,-0.8219873,-0.8254437,-0.82620126,-0.72403914
423.29,-0.41011092,-0.27678668,-0.19483258,-0.14325587,-0.095328055,-0.06707721,-0.039114054,-0.028891964,-0.012214099,0.0,0.003575288,-0.0033728888,0.02842216,0.05142825,0.05704436,0.07398569,0.08240367,0.090791024,0.0931427,0.09528419,0.09644353,0.10265974,0.10603168,0.11077933,0.11352698,0.11496679,0.118552186,0.119579144,0.12534918,0.1275491,0.122504584,0.12033713,0.12367418,0.11609149,0.10939163,0.093838885,0.080694005,0.06139163,0.040924173,0.015207369,-0.013020108,-0.04573976,-0.072277255,-0.09347131,-0.113861404,-0.13023496,-0.14098498,-0.14880937,-0.15353148,-0.15716244,-0.1582996,-0.16104192,-0.16385823,-0.1678716,-0.17067042,-0.1738019,-0.17287603,-0.17106697,-0.16772467,-0.16288534,-0.15411776,-0.15053882,-0.14505292,-0.14367476,-0.1434009,-0.14814636,-0.14882018,-0.14981854,-0.15541399,-0.16338384,-0.16849677,-0.17236523,-0.17612085,-0.17715165,-0.17665815,-0.17431282,-0.17411211,-0.17820285,-0.18622375,-0.19337094,-0.19581673,-0.19144204,-0.18134432,-0.1646474,-0.14324065,-0.12342762,-0.107652865,-0.096113324,-0.09248329,-0.074763566,-0.048311457,-0.025675422,-0.008424344,0.001512408,0.0030733086,0.002087284,-0.008858935,-0.0331382,-0.08562096,-0.1708201,-0.2653071,-0.36929807,-0.46306953,-0.54469967,-0.6059718,-0.6525204,-0.6885328,-0.71767306,-0.7427021,-0.7616354,-0.77654684,-0.78933746,-0.7989252,-0.80687267,-0.813102,-0.8181001,-0.82184374,-0.82488376,-0.8270784,-0.82911223,-0.83046174,-0.83171535,-0.8325945,-0.83563495,-0.83672774,-0.8346336,-0.8350715,-0.8365952,-0.8374614,-0.8370656,-0.8379772,-0.8384028,-0.83896583,-0.83928573,-0.8390598,-0.83954054,-0.8393479,-0.83959526,-0.8400861,-0.8409062,-0.8414611,-0.8421242,-0.84257257,-0.8415254,-0.84211856,-0.84248513,-0.8428392,-0.8431169,-0.84257156,-0.8424062,-0.8429944,-0.84387535,-0.84303606,-0.8437035,-0.84419024,-0.8444316,-0.8442305,-0.8436636,-0.8453584,-0.8460915,-0.8447309,-0.8452172,-0.8440225,-0.84521765,-0.8443988,-0.84500474,-0.8447788,-0.8443189,-0.845032,-0.8448419,-0.84222555,-0.84316975,-0.8428292,-0.8438987,-0.8406224,-0.84196997,-0.8416936,-0.8415155,-0.8395865,-0.84102887,-0.83255833,-0.8281043,-0.8346357,-0.8318196,-0.8274104,-0.829015,-0.82741016,-0.8263017,-0.83107907,-0.8273493,-0.82713664,-0.82490635,-0.82674456,-0.8259491,-0.8256268,-0.8252883,-0.82729775,-0.82576174,-0.8210706,-0.8244241,-0.8257288,-0.8290828,-0.8298507,-0.7295801
426.19,-0.41297433,-0.2800002,-0.19822724,-0.14672938,-0.09883861,-0.070625044,-0.04267932,-0.032459978,-0.015786195,-0.003575288,0.0,-0.0069474466,0.024856549,0.047867928,0.053484928,0.07044339,0.07887651,0.087277114,0.08962596,0.09177122,0.09293866,0.09916816,0.102547474,0.10730286,0.11005067,0.111494005,0.11509267,0.11611934,0.12189611,0.12410413,0.11905648,0.1168914,0.12023207,0.11264133,0.105933756,0.09037181,0.07722121,0.057909053,0.03743787,0.011719735,-0.01650306,-0.049211413,-0.07572703,-0.09690256,-0.11726337,-0.13362192,-0.1443489,-0.15216824,-0.15687586,-0.16050142,-0.16163316,-0.16437674,-0.16718914,-0.17119506,-0.17399798,-0.17713179,-0.17620926,-0.17440967,-0.1710835,-0.16624853,-0.15750004,-0.15393339,-0.14846243,-0.14709216,-0.14682083,-0.15157846,-0.1522546,-0.15325041,-0.15885438,-0.16682202,-0.1719359,-0.17580636,-0.17956471,-0.18059428,-0.18011199,-0.17776828,-0.17757414,-0.18166406,-0.18967205,-0.19681616,-0.19926316,-0.19488461,-0.18480745,-0.16812347,-0.14673458,-0.126937,-0.1111684,-0.09963628,-0.09600799,-0.07829623,-0.051847387,-0.029213814,-0.011959691,-0.0020238168,-0.00046389934,-0.0014493201,-0.01239741,-0.03667946,-0.08915416,-0.17429447,-0.26865986,-0.37243932,-0.46595183,-0.54730767,-0.6083358,-0.65467536,-0.6905183,-0.7195046,-0.74440217,-0.7632309,-0.7780615,-0.79078037,-0.8003109,-0.80821115,-0.8144046,-0.81936866,-0.82308745,-0.8261103,-0.82829094,-0.83030975,-0.8316492,-0.8328909,-0.833764,-0.83677554,-0.8378683,-0.83578545,-0.83622056,-0.83773524,-0.8385914,-0.8381982,-0.8391029,-0.83952594,-0.8400828,-0.840402,-0.84017915,-0.8406549,-0.84046215,-0.84070903,-0.84119624,-0.84200794,-0.84255934,-0.8432208,-0.8436678,-0.8426248,-0.84321433,-0.84357625,-0.84392905,-0.8442049,-0.8436637,-0.8434984,-0.8440811,-0.8449582,-0.8441247,-0.84478474,-0.845269,-0.8455125,-0.84531105,-0.8447489,-0.84643126,-0.84715384,-0.8458053,-0.84628904,-0.8451008,-0.84628886,-0.8454743,-0.84608495,-0.8458571,-0.84539557,-0.84609765,-0.84591025,-0.84332293,-0.84424883,-0.8439183,-0.84497267,-0.8417189,-0.84306425,-0.8427806,-0.8426089,-0.8406846,-0.84211475,-0.83368564,-0.8292545,-0.83575505,-0.83292484,-0.8285909,-0.8301607,-0.8285686,-0.82745934,-0.8322033,-0.82849586,-0.828291,-0.8260735,-0.8279046,-0.8271275,-0.8267769,-0.8264558,-0.8284343,-0.8269182,-0.8222692,-0.82560754,-0.8268828,-0.8302253,-0.83098197,-0.7312214
429.08,-0.40722424,-0.27359334,-0.1915468,-0.13991122,-0.09195959,-0.06370976,-0.035740152,-0.02551764,-0.008842218,0.0033728888,0.0069474466,0.0,0.031797506,0.05479545,0.060409997,0.07735885,0.08578243,0.09416797,0.09652009,0.09866383,0.099829294,0.10604214,0.10942258,0.1141679,0.11691603,0.11836376,0.12196095,0.12297627,0.12874265,0.13094434,0.12589297,0.123738505,0.1270775,0.11949698,0.11279565,0.097252466,0.08410326,0.064797916,0.044324975,0.018591926,-0.009659419,-0.04241095,-0.06897897,-0.09020714,-0.11063252,-0.12703991,-0.13780928,-0.14565508,-0.15038276,-0.15401971,-0.15516855,-0.1579134,-0.16073452,-0.16475777,-0.16755907,-0.17068872,-0.16975904,-0.1679449,-0.16459817,-0.15974182,-0.15095669,-0.14736497,-0.14187124,-0.14048395,-0.14020173,-0.14495946,-0.14563452,-0.1466301,-0.15223885,-0.16021623,-0.16533644,-0.16921441,-0.17297614,-0.17400491,-0.17351419,-0.17115667,-0.17096473,-0.17505664,-0.18308303,-0.19024698,-0.192701,-0.18831576,-0.17819859,-0.16146971,-0.14003535,-0.12019118,-0.10439272,-0.092839226,-0.08920031,-0.07146114,-0.04498121,-0.02232613,-0.0050601903,0.0048818626,0.0064461543,0.005461617,-0.0054899324,-0.029783765,-0.08231794,-0.16763604,-0.26231495,-0.3665498,-0.46059364,-0.54251385,-0.60401857,-0.6507511,-0.68691677,-0.71618026,-0.7413219,-0.7603417,-0.77532655,-0.78818417,-0.79781455,-0.8058041,-0.8120608,-0.8170832,-0.82084113,-0.82389706,-0.8261018,-0.8281447,-0.8294959,-0.8307543,-0.8316342,-0.8346856,-0.83578646,-0.8336794,-0.8341204,-0.8356521,-0.8365193,-0.8361168,-0.8370353,-0.83746016,-0.83802354,-0.83834636,-0.83812165,-0.8386029,-0.8384088,-0.8386576,-0.83915,-0.83997184,-0.84052855,-0.8411949,-0.84165,-0.84059334,-0.8411925,-0.84155726,-0.8419162,-0.84219337,-0.84164673,-0.8414758,-0.8420683,-0.8429527,-0.8421122,-0.84278136,-0.8432723,-0.84351766,-0.8433141,-0.8427439,-0.84444183,-0.845178,-0.843814,-0.8443026,-0.843102,-0.8443066,-0.843479,-0.8440925,-0.843861,-0.84339964,-0.8441114,-0.8439213,-0.8412955,-0.8422388,-0.8419042,-0.84297794,-0.83967584,-0.84103876,-0.84076035,-0.8405834,-0.83863753,-0.84008354,-0.8315516,-0.8270873,-0.8336472,-0.8308098,-0.8264013,-0.8280257,-0.82636416,-0.82525796,-0.8300538,-0.82631314,-0.8261101,-0.8238745,-0.8257126,-0.8249233,-0.8245661,-0.824241,-0.82625395,-0.8247155,-0.8200193,-0.82339156,-0.82468224,-0.8280782,-0.8288239,-0.7280035
431.97,-0.43269175,-0.30231246,-0.22171386,-0.17077115,-0.12327744,-0.09524072,-0.06742264,-0.057245325,-0.040615086,-0.02842216,-0.024856549,-0.031797506,0.0,0.023051584,0.028680248,0.045701377,0.05418067,0.06262016,0.06499787,0.067167096,0.06834623,0.07461642,0.07801908,0.08281825,0.08557996,0.08704602,0.0906757,0.09170463,0.09753195,0.099762365,0.09467505,0.092499495,0.09587145,0.0882488,0.081514835,0.06588501,0.052699793,0.033352926,0.01288868,-0.012792503,-0.0409219,-0.07347755,-0.099765465,-0.12072555,-0.1408519,-0.15699257,-0.16756451,-0.17526709,-0.17989758,-0.18347014,-0.18457499,-0.18728489,-0.1900594,-0.19402762,-0.19681537,-0.1999442,-0.19906312,-0.19732466,-0.19410405,-0.18937854,-0.18077013,-0.17730656,-0.17193644,-0.17062774,-0.17041188,-0.17518426,-0.1759003,-0.17692554,-0.18251364,-0.19044276,-0.19554368,-0.1994144,-0.2031702,-0.2042376,-0.20379536,-0.20149751,-0.20133016,-0.20541066,-0.21336018,-0.22043803,-0.22287333,-0.21856512,-0.2085987,-0.1920747,-0.17088246,-0.15124005,-0.1355774,-0.12411112,-0.12050425,-0.10287751,-0.07652752,-0.053947136,-0.03671948,-0.026796013,-0.025244424,-0.026232254,-0.03717759,-0.061425146,-0.11371325,-0.1982272,-0.2914913,-0.39354268,-0.48502457,-0.5642647,-0.62349296,-0.6683376,-0.70295537,-0.7309084,-0.75489014,-0.7730026,-0.78726554,-0.79948926,-0.80864173,-0.8162304,-0.8221748,-0.8269423,-0.83050865,-0.8334115,-0.8355056,-0.83744293,-0.83872813,-0.83992565,-0.84076166,-0.8436546,-0.8446965,-0.8427012,-0.843127,-0.84457964,-0.8454053,-0.8450285,-0.84589756,-0.84630364,-0.8468403,-0.84714293,-0.8469287,-0.84738725,-0.8472045,-0.8474405,-0.84790856,-0.84869,-0.849219,-0.8498471,-0.8502796,-0.8492777,-0.8498464,-0.8501959,-0.8505347,-0.8507975,-0.8502804,-0.8501214,-0.8506775,-0.85151947,-0.85072154,-0.8513556,-0.85182136,-0.8520539,-0.8518591,-0.8513189,-0.85293657,-0.85362965,-0.8523353,-0.85280293,-0.8516624,-0.8528017,-0.8520194,-0.8526047,-0.8523818,-0.85194343,-0.852621,-0.85244197,-0.84995884,-0.8508464,-0.8505242,-0.8515391,-0.84840417,-0.8496971,-0.8494322,-0.84926295,-0.8474252,-0.8487872,-0.840674,-0.8364299,-0.84267044,-0.83996594,-0.83575577,-0.8372777,-0.83573884,-0.83470625,-0.8392568,-0.83569705,-0.8354957,-0.83337075,-0.8351467,-0.8343847,-0.83403534,-0.83374697,-0.83563864,-0.83417785,-0.8297052,-0.83292234,-0.83413357,-0.8373673,-0.838075,-0.7420115
434.87,-0.45067805,-0.32272312,-0.2432296,-0.19284743,-0.14577138,-0.11794262,-0.09027795,-0.080154106,-0.06358571,-0.05142825,-0.047867928,-0.05479545,-0.023051584,0.0,0.0056346804,0.022684272,0.031187376,0.039656702,0.04204515,0.044234563,0.045425393,0.051721003,0.055143725,0.05997266,0.062743954,0.06421873,0.06786946,0.06890651,0.07476988,0.07701461,0.071908355,0.06972737,0.07312386,0.06547912,0.058739822,0.04306442,0.029865565,0.010510069,-0.009935287,-0.03556766,-0.06360457,-0.096015714,-0.12211117,-0.14288771,-0.16282332,-0.17878604,-0.18921663,-0.19683042,-0.20140219,-0.204928,-0.20600525,-0.20868398,-0.21142876,-0.21536252,-0.2181378,-0.22125623,-0.22040097,-0.2187138,-0.21556093,-0.21092132,-0.20242123,-0.19903424,-0.19374792,-0.19248271,-0.19230807,-0.19707169,-0.19781137,-0.19884568,-0.20441666,-0.21228714,-0.2173733,-0.2212246,-0.22496696,-0.22604944,-0.22562926,-0.22337252,-0.22322142,-0.22728997,-0.23516464,-0.24217412,-0.24458508,-0.24033381,-0.23047902,-0.21410058,-0.19309287,-0.17361137,-0.15805472,-0.14666064,-0.14308278,-0.1255458,-0.099317335,-0.076810464,-0.059621315,-0.049723297,-0.048181567,-0.049169455,-0.060099747,-0.084284335,-0.13634463,-0.22022289,-0.31240746,-0.41282967,-0.50244755,-0.57974464,-0.63733506,-0.6808261,-0.71433854,-0.74135643,-0.7645029,-0.7819783,-0.7957262,-0.80750453,-0.8163167,-0.82362324,-0.8293439,-0.83393085,-0.83736193,-0.8401545,-0.84217113,-0.8440334,-0.8452646,-0.8464164,-0.847221,-0.850001,-0.85100025,-0.849082,-0.8494885,-0.85088897,-0.85168177,-0.8513187,-0.8521549,-0.85254455,-0.85306036,-0.8533506,-0.8531451,-0.8535864,-0.85340995,-0.85363734,-0.85408646,-0.8548365,-0.8553438,-0.85595304,-0.85636777,-0.8554017,-0.85594636,-0.85628355,-0.85660803,-0.856865,-0.8563628,-0.8562102,-0.8567485,-0.8575578,-0.85679144,-0.8573983,-0.85784876,-0.8580685,-0.8578868,-0.8573623,-0.8589182,-0.85958767,-0.8583445,-0.8587878,-0.85769147,-0.85879093,-0.85803413,-0.8586034,-0.85838675,-0.8579626,-0.8586175,-0.85843897,-0.8560446,-0.8569003,-0.8565907,-0.8575698,-0.85454196,-0.85579145,-0.855542,-0.855378,-0.85359854,-0.8549005,-0.84706986,-0.8429685,-0.8489955,-0.84638816,-0.8423151,-0.84381074,-0.84229904,-0.84129757,-0.84567666,-0.8422728,-0.8420862,-0.84004307,-0.8417496,-0.84101874,-0.8406857,-0.84038657,-0.842224,-0.840813,-0.83650184,-0.8395927,-0.8407727,-0.84388345,-0.8445683,-0.75180066
437.76,-0.45502895,-0.32764217,-0.24844444,-0.19821098,-0.15124714,-0.12346685,-0.09584314,-0.08572938,-0.069184996,-0.05704436,-0.053484928,-0.060409997,-0.028680248,-0.0056346804,0.0,0.017056266,0.025559984,0.034039002,0.03642894,0.03862338,0.03981605,0.04611894,0.04954702,0.054378036,0.057159472,0.0586369,0.062289838,0.063331366,0.0692007,0.071453966,0.066336796,0.06415479,0.0675682,0.059912197,0.05317269,0.03748501,0.02428259,0.004922476,-0.015520861,-0.04115134,-0.06917778,-0.10157022,-0.12763554,-0.14838205,-0.16828719,-0.18421803,-0.19463392,-0.20223133,-0.20678739,-0.21031207,-0.21138099,-0.21405794,-0.21679977,-0.22072159,-0.22349331,-0.22660922,-0.22575781,-0.22407702,-0.22093196,-0.21630801,-0.20782304,-0.2044513,-0.19917113,-0.19791965,-0.19774504,-0.20250902,-0.20324637,-0.20428342,-0.20984502,-0.21770613,-0.22277924,-0.22662999,-0.23036017,-0.23144537,-0.23102367,-0.22877651,-0.22861923,-0.23267063,-0.24053079,-0.24752066,-0.24993011,-0.24568471,-0.23584273,-0.21951148,-0.19854416,-0.17908841,-0.16356115,-0.15218405,-0.14860235,-0.13109441,-0.10488652,-0.08240191,-0.06522544,-0.05533092,-0.05379086,-0.054777253,-0.06570344,-0.089871295,-0.14187954,-0.22559837,-0.3175279,-0.41755646,-0.50673276,-0.5835653,-0.64077103,-0.68393314,-0.71717864,-0.7439685,-0.7669153,-0.7842354,-0.7978585,-0.8095243,-0.8182529,-0.82549196,-0.8311582,-0.83570015,-0.8390958,-0.84185904,-0.8438557,-0.845699,-0.8469178,-0.84805566,-0.8488475,-0.85159534,-0.85259074,-0.8506916,-0.851093,-0.85247654,-0.8532607,-0.8529011,-0.8537297,-0.85411245,-0.8546233,-0.85490984,-0.8547061,-0.8551438,-0.8549671,-0.8551913,-0.855637,-0.85637933,-0.8568804,-0.85748315,-0.857891,-0.85693586,-0.85747993,-0.8578132,-0.8581315,-0.8583851,-0.85788614,-0.8577356,-0.8582672,-0.8590714,-0.8583122,-0.8589153,-0.8593568,-0.8595781,-0.85939556,-0.85887665,-0.8604182,-0.86107975,-0.85984504,-0.8602875,-0.85920024,-0.8602844,-0.8595392,-0.86010075,-0.8598834,-0.85946566,-0.8601101,-0.85993457,-0.85756516,-0.85841733,-0.8581028,-0.85907346,-0.85608435,-0.8573159,-0.8570624,-0.856899,-0.8551364,-0.85642004,-0.84863764,-0.84457237,-0.8505553,-0.8479794,-0.84393775,-0.8454093,-0.84394604,-0.84294385,-0.84727323,-0.8438987,-0.84370744,-0.8416855,-0.8433872,-0.8426401,-0.8423301,-0.8420404,-0.8438535,-0.8424448,-0.83816236,-0.8412428,-0.84240156,-0.84546584,-0.84616446,-0.75415295
440.66,-0.46773833,-0.3423016,-0.26404628,-0.21426496,-0.16768034,-0.14009207,-0.112616576,-0.10256014,-0.08607956,-0.07398569,-0.07044339,-0.07735885,-0.045701377,-0.022684272,-0.017056266,0.0,0.008513341,0.01700308,0.01939642,0.021598548,0.022798862,0.029114597,0.032555193,0.03740717,0.040188245,0.041673362,0.045339953,0.046383712,0.05227569,0.054537553,0.049411338,0.04721987,0.050652195,0.04298184,0.03623911,0.020531863,0.007328354,-0.012022958,-0.032428425,-0.057995614,-0.08591612,-0.11815177,-0.14402926,-0.16459878,-0.18431821,-0.20008337,-0.21038195,-0.21789587,-0.22238916,-0.22587688,-0.2269209,-0.22957167,-0.23228493,-0.236176,-0.23893075,-0.24203818,-0.24121544,-0.23957168,-0.23649947,-0.2319461,-0.22356927,-0.2202649,-0.21506192,-0.21385846,-0.21371254,-0.21847369,-0.21922922,-0.2202816,-0.22582293,-0.23364335,-0.23869267,-0.2425385,-0.24626453,-0.24736685,-0.24697603,-0.24476947,-0.24463522,-0.24867314,-0.25647548,-0.26341692,-0.2658117,-0.2616199,-0.25186145,-0.23566628,-0.21486388,-0.19554165,-0.18010265,-0.16878398,-0.165229,-0.14781038,-0.121700056,-0.099291556,-0.08215916,-0.07228764,-0.07075161,-0.07173642,-0.08263557,-0.10673874,-0.158533,-0.24172074,-0.33279553,-0.4315457,-0.51927334,-0.5946337,-0.6505957,-0.69274545,-0.72516143,-0.75125754,-0.77359056,-0.7904382,-0.8036836,-0.81502897,-0.8235118,-0.8305448,-0.83605,-0.84046245,-0.84376097,-0.84644645,-0.84838676,-0.8501782,-0.85136217,-0.8524677,-0.85323733,-0.85590637,-0.8568726,-0.85502845,-0.8554197,-0.8567677,-0.8575322,-0.8571784,-0.8579858,-0.8583583,-0.8588568,-0.8591356,-0.85893387,-0.85936177,-0.85919154,-0.8594076,-0.85984206,-0.86056244,-0.8610497,-0.86163676,-0.86203426,-0.86110276,-0.861633,-0.8619552,-0.86226565,-0.8625137,-0.8620287,-0.86188614,-0.8623978,-0.8631803,-0.8624391,-0.863027,-0.8634611,-0.86367434,-0.8634961,-0.8629913,-0.8644894,-0.86513245,-0.86393493,-0.8643627,-0.8633053,-0.86436236,-0.8636355,-0.86417866,-0.8639749,-0.863566,-0.8641904,-0.86401623,-0.86171263,-0.862541,-0.8622334,-0.8631761,-0.860264,-0.86146027,-0.8612262,-0.8610665,-0.8593506,-0.8605816,-0.8529913,-0.8490389,-0.85486126,-0.8523566,-0.84842217,-0.84983045,-0.8484087,-0.8474477,-0.85165703,-0.84839743,-0.8481851,-0.8462435,-0.8478863,-0.8471686,-0.8468478,-0.84656554,-0.84834707,-0.8469639,-0.8428088,-0.84578615,-0.8469192,-0.8499084,-0.8505903,-0.7609118
